[ID: 6277402676]
Gen	LnL	TL	pi(A)	pi(C)	pi(G)	pi(T)
0	-4.264957987844805e+04	2.689999999999987e+00	2.500000000000000e-01	2.500000000000000e-01	2.500000000000000e-01	2.500000000000000e-01
1000	-3.180955137454345e+04	1.126622942088763e+00	2.643378182617354e-01	2.044829145553149e-01	1.909364791267923e-01	3.402427880561573e-01
2000	-2.643065822888389e+04	1.023376610865406e+00	2.729449096821475e-01	1.936467241692345e-01	1.869138962096451e-01	3.464944699389729e-01
3000	-2.394387625537947e+04	9.113624675962559e-01	2.577044471453179e-01	1.928065835749594e-01	1.979130983527821e-01	3.515758709269405e-01
4000	-2.228842040313228e+04	8.440579387943951e-01	2.667879610992532e-01	1.975030164916083e-01	1.956659830897875e-01	3.400430393193511e-01
5000	-2.086953474757056e+04	7.564452942347684e-01	2.583463426589629e-01	1.990798831115902e-01	1.941574733879750e-01	3.484163008414718e-01
6000	-2.029476145560094e+04	8.078609475147650e-01	2.683596069754695e-01	1.936369040906015e-01	1.941574733879750e-01	3.438460155459541e-01
7000	-1.989569050163006e+04	8.287028345752108e-01	2.618273318459420e-01	2.004035310633412e-01	1.816189547228582e-01	3.561501823678586e-01
8000	-1.957282901092077e+04	7.633502316592184e-01	2.618273318459420e-01	2.004035310633412e-01	1.816189547228582e-01	3.561501823678586e-01
9000	-1.922938370507136e+04	7.280319761144517e-01	2.618273318459420e-01	2.004035310633412e-01	1.816189547228582e-01	3.561501823678586e-01
10000	-1.917209256308068e+04	7.424156371578100e-01	2.618273318459420e-01	2.004035310633412e-01	1.816189547228582e-01	3.561501823678586e-01
11000	-1.906975806632693e+04	7.462226759114016e-01	2.596505407217183e-01	1.934914378383501e-01	1.971926031595110e-01	3.496654182804206e-01
12000	-1.883821093757313e+04	7.533416636042540e-01	2.624229706917172e-01	1.927157089149948e-01	1.901485691382171e-01	3.547127512550711e-01
13000	-1.874256180854894e+04	7.471110510572814e-01	2.544344410078140e-01	1.967301110269058e-01	1.981370988221203e-01	3.506983491431601e-01
14000	-1.866525201573203e+04	7.314423497761167e-01	2.535374474053687e-01	1.848044845925725e-01	2.053278244624045e-01	3.563302435396542e-01
15000	-1.861632996460015e+04	7.583127339270882e-01	2.658691314182424e-01	1.932140692291263e-01	1.969081624835609e-01	3.440086368690705e-01
16000	-1.858095846320719e+04	7.377308486030199e-01	2.637331258564872e-01	1.985803418858753e-01	1.989022196833987e-01	3.387843125742389e-01
17000	-1.851405004570637e+04	7.068273383914785e-01	2.618555010255617e-01	2.011533482267042e-01	1.893956708546728e-01	3.475954798930614e-01
18000	-1.847013981890031e+04	7.411005048740956e-01	2.620109730734015e-01	2.011533482267042e-01	1.845932948006423e-01	3.522423838992520e-01
19000	-1.845320044211296e+04	7.191940454144297e-01	2.543954347624251e-01	2.011533482267042e-01	1.922088331116187e-01	3.522423838992520e-01
20000	-1.844980465382900e+04	7.312243206945025e-01	2.551389330173436e-01	1.979387383123200e-01	1.995963217455839e-01	3.473260069247525e-01
21000	-1.844656510198776e+04	7.360220466050839e-01	2.658342555761736e-01	1.979387383123200e-01	1.787462519806599e-01	3.574807541308466e-01
22000	-1.843111018921260e+04	7.125026352148853e-01	2.634727454402583e-01	1.912530737663448e-01	1.938619181857714e-01	3.514122626076255e-01
23000	-1.844662083957535e+04	7.661862553741716e-01	2.575426525002667e-01	1.936983730945278e-01	1.950060513983221e-01	3.537529230068835e-01
24000	-1.842793331808858e+04	7.487915674934726e-01	2.580830392063365e-01	2.016112130368427e-01	1.864289091064603e-01	3.538768386503605e-01
25000	-1.839654750271488e+04	7.420543421688309e-01	2.580830392063365e-01	1.955263594230650e-01	1.864289091064603e-01	3.599616922641381e-01
26000	-1.839807330142147e+04	7.545944336041003e-01	2.675649080835225e-01	1.911291363576275e-01	1.908261321718978e-01	3.504798233869520e-01
27000	-1.838744924089607e+04	7.446534556112562e-01	2.675649080835225e-01	1.911291363576275e-01	1.908261321718978e-01	3.504798233869520e-01
28000	-1.836156001500988e+04	7.150145876923819e-01	2.675649080835225e-01	1.911291363576275e-01	1.908261321718978e-01	3.504798233869520e-01
29000	-1.838599039574415e+04	7.431180451326876e-01	2.572388979662357e-01	1.972655466555319e-01	1.984918053489623e-01	3.470037500292700e-01
30000	-1.837764714692350e+04	7.316711120990752e-01	2.751916218305104e-01	1.982592738987361e-01	1.889862643655132e-01	3.375628399052403e-01
31000	-1.839624175905713e+04	7.722711759987548e-01	2.733559799724966e-01	1.940132958912848e-01	1.921210563713692e-01	3.405096677648494e-01
32000	-1.838326060295983e+04	7.445855186110463e-01	2.640161899132424e-01	1.965117165151490e-01	1.896226357475051e-01	3.498494578241037e-01
33000	-1.837372379520961e+04	7.242252416719173e-01	2.655151278304604e-01	1.995680089732453e-01	1.889060929760778e-01	3.460107702202165e-01
34000	-1.834687715396958e+04	7.194078246235573e-01	2.655151278304604e-01	1.970711421635681e-01	1.889060929760778e-01	3.485076370298937e-01
35000	-1.832329387850191e+04	7.171767891405367e-01	2.655151278304604e-01	1.931987780321884e-01	1.889060929760778e-01	3.523800011612734e-01
36000	-1.832501439015240e+04	7.059350674775471e-01	2.651147739349555e-01	1.935991319276933e-01	1.917843204167297e-01	3.495017737206214e-01
37000	-1.832545065829383e+04	7.002039334899011e-01	2.580625210179315e-01	1.959070732837149e-01	1.925049503039181e-01	3.535254553944355e-01
38000	-1.832084563319628e+04	7.053126685125783e-01	2.580625210179315e-01	2.021086736429186e-01	1.845936628606952e-01	3.552351424784547e-01
39000	-1.832880686009014e+04	7.268385868913981e-01	2.669744889287038e-01	1.915616439136866e-01	1.952556725903007e-01	3.462081945673088e-01
40000	-1.833030695110523e+04	7.408258364170036e-01	2.669744889287038e-01	1.981908329641954e-01	1.874689140893661e-01	3.473657640177347e-01
41000	-1.833255662978618e+04	7.509235097950394e-01	2.635427319480423e-01	1.965890280782397e-01	1.890707189753217e-01	3.507975209983962e-01
42000	-1.832733118570673e+04	7.570646793322683e-01	2.635427319480423e-01	1.965890280782397e-01	1.890707189753217e-01	3.507975209983962e-01
43000	-1.829316754604315e+04	7.021092338356616e-01	2.718962002167967e-01	1.938090615428320e-01	1.939417394126213e-01	3.403529988277499e-01
44000	-1.831935603092980e+04	7.145479720759244e-01	2.592146190774193e-01	2.082269286588981e-01	1.853605587323312e-01	3.471978935313514e-01
45000	-1.833155490345940e+04	7.156632838866567e-01	2.695650038367097e-01	2.027898684836207e-01	1.842511047039916e-01	3.433940229756782e-01
46000	-1.832378556585591e+04	7.082369450182274e-01	2.538017500670192e-01	1.963444563060295e-01	1.899443019919193e-01	3.599094916350319e-01
47000	-1.832496801025898e+04	7.374555489420004e-01	2.694350863294939e-01	1.931997485287551e-01	1.772839130037488e-01	3.600812521380022e-01
48000	-1.831569823768202e+04	7.022571375176389e-01	2.599686009884402e-01	1.869131637334453e-01	1.909765131515346e-01	3.621417221265799e-01
49000	-1.831684619400159e+04	7.164865058864188e-01	2.599612345844636e-01	2.050605627630830e-01	1.943724157504107e-01	3.406057869020426e-01
50000	-1.832394366020734e+04	7.327038778927633e-01	2.599612345844636e-01	2.050605627630830e-01	1.947198709238436e-01	3.402583317286098e-01
51000	-1.833266531499338e+04	7.315305013106569e-01	2.707459028057389e-01	1.874300063004175e-01	2.002945126563546e-01	3.415295782374890e-01
52000	-1.832397375822206e+04	7.033371028228090e-01	2.646638311209635e-01	1.938931676513889e-01	2.014318261917936e-01	3.400111750358540e-01
53000	-1.833441593448746e+04	7.156111198279422e-01	2.700432402452304e-01	1.938262599699722e-01	1.916604253792860e-01	3.444700744055114e-01
54000	-1.833091673468974e+04	7.111974362467145e-01	2.565107971750968e-01	1.970042978800091e-01	1.953322207843748e-01	3.511526841605193e-01
55000	-1.834302705001613e+04	7.062331052440339e-01	2.565107971750968e-01	2.019542323109821e-01	1.953322207843748e-01	3.462027497295463e-01
56000	-1.835499424286285e+04	7.323473870740008e-01	2.620842762622829e-01	1.936311518221168e-01	1.902841258181976e-01	3.540004460974027e-01
57000	-1.831605851501597e+04	7.039055473369427e-01	2.620842762622829e-01	2.039791785866605e-01	1.902841258181976e-01	3.436524193328591e-01
58000	-1.832750159172550e+04	7.233989979583541e-01	2.642704513585048e-01	2.039791785866605e-01	1.880979507219757e-01	3.436524193328591e-01
59000	-1.833117281945955e+04	7.208153131929244e-01	2.642704513585048e-01	1.942027425134030e-01	1.880979507219757e-01	3.534288554061165e-01
60000	-1.832890263807168e+04	7.083181696692619e-01	2.615429936138037e-01	2.002007669419913e-01	1.934282252052951e-01	3.448280142389100e-01
61000	-1.832808052999605e+04	7.446253866570041e-01	2.737944973417669e-01	2.024158103765797e-01	1.818681653401096e-01	3.419215269415439e-01
62000	-1.835029330708533e+04	7.452301613295385e-01	2.650147035692711e-01	2.011720850638845e-01	1.869428967420170e-01	3.468703146248275e-01
63000	-1.831833168411898e+04	7.528908086828525e-01	2.651262640247867e-01	2.002720491571419e-01	1.976900147395299e-01	3.369116720785414e-01
64000	-1.832745591116548e+04	7.432481028706964e-01	2.531752223432823e-01	2.049146543136363e-01	1.924017179132798e-01	3.495084054298016e-01
65000	-1.833523309059978e+04	7.555690376332000e-01	2.580308427498621e-01	1.872276091808428e-01	1.972304325872330e-01	3.575111154820620e-01
66000	-1.830729374471423e+04	7.540613069452193e-01	2.624580925015408e-01	2.048309833010160e-01	1.871318018746110e-01	3.455791223228322e-01
67000	-1.831769866464895e+04	7.527118561076378e-01	2.624580925015408e-01	2.048309833010160e-01	1.871318018746110e-01	3.455791223228322e-01
68000	-1.830676757348271e+04	7.153918555369342e-01	2.613264593777653e-01	1.977821277443402e-01	1.953122905550623e-01	3.455791223228322e-01
69000	-1.831541574192339e+04	7.327990579596433e-01	2.666043742865198e-01	1.943424480386692e-01	1.934740553519789e-01	3.455791223228322e-01
70000	-1.832870769125958e+04	7.457082052133968e-01	2.611293565389330e-01	1.908871663192047e-01	1.975247964880335e-01	3.504586806538288e-01
71000	-1.833548699493898e+04	7.146417433390737e-01	2.601121058168478e-01	1.908871663192047e-01	1.975247964880335e-01	3.514759313759141e-01
72000	-1.831918586881415e+04	7.038122551616300e-01	2.695584876763181e-01	1.914223017210619e-01	1.939025276142506e-01	3.451166829883695e-01
73000	-1.831807130690308e+04	7.131324587068369e-01	2.695584876763181e-01	1.934577811091707e-01	1.903706233879082e-01	3.466131078266032e-01
74000	-1.832140270372912e+04	7.311541811548318e-01	2.695584876763181e-01	1.934577811091707e-01	1.903706233879082e-01	3.466131078266032e-01
75000	-1.831896028006956e+04	7.120792072590237e-01	2.617089748592977e-01	2.011831141231508e-01	1.903706233879082e-01	3.467372876296434e-01
76000	-1.833685934816878e+04	7.352969481146717e-01	2.582629405196830e-01	1.999251616919132e-01	1.918386429050833e-01	3.499732548833207e-01
77000	-1.831562033254899e+04	6.950228942381819e-01	2.653200277042971e-01	2.029024599256839e-01	1.860909322839154e-01	3.456865800861035e-01
78000	-1.831399735792681e+04	7.262443053286911e-01	2.653200277042971e-01	2.016529248677538e-01	1.873404673418455e-01	3.456865800861035e-01
79000	-1.833512430159495e+04	7.230139161886172e-01	2.653200277042971e-01	1.937781198126267e-01	1.873404673418455e-01	3.535613851412306e-01
80000	-1.832752914223736e+04	7.083218587404437e-01	2.639662331593839e-01	1.937781198126267e-01	1.886942618867586e-01	3.535613851412306e-01
81000	-1.835149959149041e+04	7.305561831435268e-01	2.677931560482106e-01	1.894439632883569e-01	1.893148847956029e-01	3.534479958678298e-01
82000	-1.833699748163369e+04	7.018981912445852e-01	2.629312497579109e-01	1.943058695786566e-01	1.893148847956029e-01	3.534479958678298e-01
83000	-1.832613540033910e+04	6.879453396520062e-01	2.638420496785523e-01	1.963559363012733e-01	1.874736660039965e-01	3.523283480161778e-01
84000	-1.833585859846662e+04	7.222286072162138e-01	2.633224913893507e-01	1.968754945904750e-01	1.874736660039965e-01	3.523283480161778e-01
85000	-1.834948104000569e+04	7.189352113794097e-01	2.657386518949022e-01	1.914191543319176e-01	1.906581808027981e-01	3.521840129703822e-01
86000	-1.833853882756235e+04	7.193666325602968e-01	2.635833873226376e-01	1.935744189041822e-01	1.888029303986904e-01	3.540392633744898e-01
87000	-1.834585643540434e+04	7.088148311458425e-01	2.718293637744638e-01	1.952538079027426e-01	1.843178823111627e-01	3.485989460116310e-01
88000	-1.833217561642947e+04	6.815507905307443e-01	2.718293637744638e-01	1.952538079027426e-01	1.843178823111627e-01	3.485989460116310e-01
89000	-1.834157688177188e+04	7.108770027597817e-01	2.532750093674228e-01	1.972412194077491e-01	1.933724463856029e-01	3.561113248392253e-01
90000	-1.832992057550875e+04	7.035851076404742e-01	2.532750093674228e-01	1.972412194077491e-01	1.933724463856029e-01	3.561113248392253e-01
91000	-1.832939992038540e+04	7.190612011963470e-01	2.644576398982650e-01	2.025195679261012e-01	1.872275788898911e-01	3.457952132857427e-01
92000	-1.830300138206936e+04	7.164581942810736e-01	2.644576398982650e-01	2.014281122914512e-01	1.883190345245411e-01	3.457952132857427e-01
93000	-1.831765825446846e+04	7.277425490363492e-01	2.548510587799849e-01	2.014281122914512e-01	1.979256156428212e-01	3.457952132857427e-01
94000	-1.833719283257961e+04	7.266922500152715e-01	2.552351216058744e-01	2.025226543838156e-01	1.875535677990073e-01	3.546886562113027e-01
95000	-1.832814812200313e+04	7.126424753052667e-01	2.682069639006033e-01	1.990892970275418e-01	1.852861862775782e-01	3.474175527942769e-01
96000	-1.831954010982607e+04	7.003358867641970e-01	2.682069639006033e-01	1.934241922320342e-01	1.909512910730858e-01	3.474175527942769e-01
97000	-1.830991821103056e+04	7.241065146920976e-01	2.682069639006033e-01	1.934241922320342e-01	1.909512910730858e-01	3.474175527942769e-01
98000	-1.830918265645218e+04	7.001400550948605e-01	2.605047598695427e-01	1.941452243592400e-01	1.967306152329894e-01	3.486194005382279e-01
99000	-1.830725306680118e+04	7.004130283751975e-01	2.612008485034562e-01	1.951014760366494e-01	1.950782749216666e-01	3.486194005382279e-01
100000	-1.831014496619340e+04	7.112672113322558e-01	2.612008485034562e-01	1.930700922961404e-01	1.908738053146146e-01	3.548552538857890e-01
101000	-1.832582685692083e+04	7.325100454373576e-01	2.612008485034562e-01	1.988366109386920e-01	1.932848710305214e-01	3.466776695273306e-01
102000	-1.831285920430297e+04	7.204048310961557e-01	2.598997960507275e-01	1.970167463836272e-01	1.932848710305214e-01	3.497985865351240e-01
103000	-1.831550854117951e+04	7.140112993373082e-01	2.668117688400637e-01	1.916648402293680e-01	1.870344979942880e-01	3.544888929362803e-01
104000	-1.832329072743059e+04	7.244603675655543e-01	2.628335277133902e-01	1.956430813560415e-01	1.870344979942880e-01	3.544888929362803e-01
105000	-1.831394400005139e+04	7.036720939733778e-01	2.628335277133902e-01	1.956430813560415e-01	1.870344979942880e-01	3.544888929362803e-01
106000	-1.831508045052545e+04	7.012569645217609e-01	2.628335277133902e-01	1.975999841286374e-01	1.870344979942880e-01	3.525319901636845e-01
107000	-1.831964101059283e+04	7.316735249766549e-01	2.628335277133902e-01	1.975999841286374e-01	1.870344979942880e-01	3.525319901636845e-01
108000	-1.831253261926078e+04	7.311520587978725e-01	2.631265781538923e-01	1.995201977267925e-01	1.927649744196994e-01	3.445882496996158e-01
109000	-1.831055478368143e+04	7.229093369839810e-01	2.604346708072947e-01	1.995201977267925e-01	1.954568817662970e-01	3.445882496996158e-01
110000	-1.832421708780698e+04	7.319768551472664e-01	2.676958768263081e-01	1.877449099731015e-01	1.913369064038607e-01	3.532223067967297e-01
111000	-1.830134658246601e+04	7.075092014650108e-01	2.676958768263081e-01	1.877449099731015e-01	1.913369064038607e-01	3.532223067967297e-01
112000	-1.831635126296822e+04	7.130666758427723e-01	2.524426209325221e-01	2.058820778692819e-01	1.867221767659440e-01	3.549531244322519e-01
113000	-1.830060689386477e+04	6.845441668384658e-01	2.707304757618302e-01	1.999260221309019e-01	1.897547969561494e-01	3.395887051511186e-01
114000	-1.831644162757228e+04	7.247133235764044e-01	2.655861335359679e-01	1.988089444263511e-01	1.821471216295219e-01	3.534578004081592e-01
115000	-1.832806803500513e+04	7.222282861524977e-01	2.687376308678239e-01	1.964971076616338e-01	1.884597830419210e-01	3.463054784286215e-01
116000	-1.831306280335268e+04	6.975060037460246e-01	2.649642838893176e-01	1.938479405896044e-01	1.911089501139503e-01	3.500788254071278e-01
117000	-1.832809628294784e+04	7.117627855376062e-01	2.649642838893176e-01	1.938479405896044e-01	1.911089501139503e-01	3.500788254071278e-01
118000	-1.834329801573743e+04	7.316098393174618e-01	2.649642838893176e-01	1.946400351911488e-01	1.903168555124060e-01	3.500788254071278e-01
119000	-1.835065588233976e+04	7.443416933460399e-01	2.649642838893176e-01	1.905411645628378e-01	1.903168555124060e-01	3.541776960354388e-01
120000	-1.833097403668439e+04	7.227629767414886e-01	2.604928384074038e-01	1.975665182486440e-01	1.939075030346980e-01	3.480331403092543e-01
121000	-1.832849813941332e+04	7.250747564534761e-01	2.611418257919647e-01	2.006256350246334e-01	1.849896969153557e-01	3.532428422680463e-01
122000	-1.834409960794994e+04	7.412745794717932e-01	2.505941470000212e-01	2.023404105472289e-01	1.825296366124875e-01	3.645358058402624e-01
123000	-1.835167881676279e+04	7.403504928276702e-01	2.655182256942461e-01	1.893002827982961e-01	1.903148215478515e-01	3.548666699596064e-01
124000	-1.832868281402561e+04	7.144988143530865e-01	2.572923081301881e-01	1.923575051628072e-01	1.902700498959747e-01	3.600801368110302e-01
125000	-1.834045121387854e+04	7.120224087543091e-01	2.568761204480885e-01	1.966481116950498e-01	1.863956310458317e-01	3.600801368110302e-01
126000	-1.832520397461506e+04	7.210589626923841e-01	2.667832398106079e-01	1.972743053247021e-01	1.829984316020729e-01	3.529440232626170e-01
127000	-1.831085548901628e+04	7.346118343140854e-01	2.625641306959406e-01	1.965829886892939e-01	1.942773097725585e-01	3.465755708422070e-01
128000	-1.831565183241072e+04	7.054531186916858e-01	2.560609550388404e-01	2.091112126328092e-01	1.866189966900018e-01	3.482088356383486e-01
129000	-1.831221702666621e+04	7.105074829908500e-01	2.541381131582960e-01	1.990096241891864e-01	1.886172273646615e-01	3.582350352878561e-01
130000	-1.828920619747740e+04	7.102715003243464e-01	2.565316917246553e-01	1.995068348139227e-01	1.868330597030298e-01	3.571284137583923e-01
131000	-1.829282778217214e+04	7.211070822977355e-01	2.599408285561488e-01	1.845257030625344e-01	1.976860246174921e-01	3.578474437638247e-01
132000	-1.830249705932384e+04	6.952336901114845e-01	2.692508179447000e-01	1.998599421658270e-01	1.873811560287062e-01	3.435080838607668e-01
133000	-1.829960819316637e+04	7.196446656623825e-01	2.624168918770041e-01	1.916482910303704e-01	1.903087624821737e-01	3.556260546104519e-01
134000	-1.830024901575118e+04	7.358574139271681e-01	2.643135503970155e-01	1.916482910303704e-01	1.903087624821737e-01	3.537293960904404e-01
135000	-1.827726403077267e+04	7.042755233120013e-01	2.643135503970155e-01	1.959438946505228e-01	1.860131588620213e-01	3.537293960904404e-01
136000	-1.828769181983943e+04	7.284529318168353e-01	2.643135503970155e-01	1.983111459781703e-01	1.860131588620213e-01	3.513621447627928e-01
137000	-1.832013423622596e+04	7.342493991374602e-01	2.524148635772145e-01	1.980795367995830e-01	1.900270922555298e-01	3.594785073676726e-01
138000	-1.829486728116977e+04	6.868607046166868e-01	2.628015169598202e-01	1.920482954897992e-01	1.856716801827080e-01	3.594785073676726e-01
139000	-1.832864605539089e+04	7.215153689563326e-01	2.597785419388254e-01	1.837429244752088e-01	2.052675030986651e-01	3.512110304873006e-01
140000	-1.832266749311227e+04	7.333369532352851e-01	2.512464517264362e-01	2.019868428691212e-01	1.877411014469396e-01	3.590256039575029e-01
141000	-1.830637875551301e+04	7.058699156890702e-01	2.640294181863658e-01	1.951531929353101e-01	1.919786121996403e-01	3.488387766786838e-01
142000	-1.832046909940542e+04	6.998231714901050e-01	2.654430655271139e-01	1.959293549002450e-01	1.862459014114737e-01	3.523816781611675e-01
143000	-1.834089392284941e+04	7.474467774441642e-01	2.586285822832680e-01	1.959293549002450e-01	1.869501724728720e-01	3.584918903436151e-01
144000	-1.833968559848310e+04	7.230152108178710e-01	2.681027701690398e-01	2.015845672708948e-01	1.869628092399829e-01	3.433498533200827e-01
145000	-1.832334613811235e+04	7.006302863557878e-01	2.659519967523845e-01	1.946098567846081e-01	1.941819971991555e-01	3.452561492638518e-01
146000	-1.832250129776321e+04	7.113168715993681e-01	2.648401391590087e-01	1.965375972092707e-01	1.831551738679227e-01	3.554670897637980e-01
147000	-1.831274037440787e+04	7.102308790467483e-01	2.612181497803073e-01	1.923447179552454e-01	1.945068774489372e-01	3.519302548155100e-01
148000	-1.831822556089907e+04	7.260164119855255e-01	2.648401391590087e-01	1.965375972092707e-01	1.865547898393164e-01	3.520674737924042e-01
149000	-1.831589129548497e+04	7.117143672570637e-01	2.648401391590087e-01	1.864225880396748e-01	1.865547898393164e-01	3.621824829620000e-01
150000	-1.831795907155241e+04	6.911633823499559e-01	2.648401391590087e-01	1.910609997348968e-01	1.899735643184858e-01	3.541252967876086e-01
151000	-1.831535725368463e+04	6.926146702797927e-01	2.613980629408757e-01	2.080603514167691e-01	1.838384897876489e-01	3.467030958547062e-01
152000	-1.831080334406007e+04	6.998352419707408e-01	2.688801221265685e-01	2.005782922310763e-01	1.838384897876489e-01	3.467030958547062e-01
153000	-1.830976775177208e+04	6.975160994110571e-01	2.682270045051723e-01	2.005782922310763e-01	1.844916074090451e-01	3.467030958547062e-01
154000	-1.830756023971361e+04	7.377228794525389e-01	2.605673830705262e-01	2.005782922310763e-01	1.844750901928641e-01	3.543792345055334e-01
155000	-1.830819468182011e+04	7.319012736608832e-01	2.637327906687631e-01	1.944522253980446e-01	1.970008801148329e-01	3.448141038183595e-01
156000	-1.832705679616833e+04	7.302362236501569e-01	2.603549326700655e-01	1.988807448130829e-01	1.909436355010392e-01	3.498206870158124e-01
157000	-1.833698630602375e+04	7.573573209592626e-01	2.591116097372484e-01	2.079225675825062e-01	1.940459108925791e-01	3.389199117876661e-01
158000	-1.831015940868928e+04	7.108417906482415e-01	2.591116097372484e-01	1.982046162205225e-01	1.940459108925791e-01	3.486378631496499e-01
159000	-1.830892879123247e+04	7.038437203864990e-01	2.606336433078897e-01	1.967163894605750e-01	1.875527152340735e-01	3.550972519974619e-01
160000	-1.833882839663802e+04	7.537645793789157e-01	2.583470947679843e-01	1.967122603097334e-01	1.927693869753387e-01	3.521712579469437e-01
161000	-1.833507659084384e+04	7.877231849066180e-01	2.573946175072676e-01	1.955903535818652e-01	1.950185602679434e-01	3.519964686429238e-01
162000	-1.831907659145660e+04	7.270574545233367e-01	2.573946175072676e-01	2.058218468874358e-01	1.950185602679434e-01	3.417649753373533e-01
163000	-1.832010739433455e+04	7.625795510755070e-01	2.682853322071691e-01	2.014784831178067e-01	1.803461249488975e-01	3.498900597261267e-01
164000	-1.829809804488009e+04	7.222107112093522e-01	2.622382735203617e-01	1.970995989702785e-01	1.927600206590944e-01	3.479021068502653e-01
165000	-1.830080983485353e+04	7.260874126561109e-01	2.622382735203617e-01	1.970995989702785e-01	1.927600206590944e-01	3.479021068502653e-01
166000	-1.830502393601224e+04	7.120879822689232e-01	2.590681033715981e-01	1.970995989702785e-01	1.927600206590944e-01	3.510722769990288e-01
167000	-1.832309042047747e+04	7.123243325961935e-01	2.537870628187698e-01	2.014165741848723e-01	1.874847792566180e-01	3.573115837397399e-01
168000	-1.829641459803197e+04	7.119372840247074e-01	2.616700521488664e-01	1.911551993276763e-01	1.929099532014310e-01	3.542647953220263e-01
169000	-1.831523805963653e+04	7.406080542469998e-01	2.675618087383739e-01	1.895157725038957e-01	1.925389155734431e-01	3.503835031842873e-01
170000	-1.831255315322190e+04	7.138352250643429e-01	2.675618087383739e-01	1.969646800719867e-01	1.850900080053521e-01	3.503835031842873e-01
171000	-1.830475357792655e+04	7.221574962090237e-01	2.677251678125184e-01	2.005402641259855e-01	1.818364375255936e-01	3.498981305359024e-01
172000	-1.830815892885400e+04	7.227942835716097e-01	2.640024045727795e-01	1.958137322180417e-01	1.861467882855367e-01	3.540370749236421e-01
173000	-1.830956792474904e+04	7.089343926921395e-01	2.640024045727795e-01	1.958137322180417e-01	1.929511367864996e-01	3.472327264226792e-01
174000	-1.831775970948705e+04	7.054645697512010e-01	2.640024045727795e-01	1.955844423714399e-01	1.931804266331013e-01	3.472327264226792e-01
175000	-1.834501452008693e+04	7.358781366820011e-01	2.543284786835739e-01	2.015077135254748e-01	1.852655901054612e-01	3.588982176854900e-01
176000	-1.832861646097217e+04	7.333907947464983e-01	2.587302085043803e-01	1.884746124450205e-01	1.991829464413253e-01	3.536122326092740e-01
177000	-1.832561312216072e+04	7.148300253773635e-01	2.559737036883769e-01	1.930484028538607e-01	1.973656608484885e-01	3.536122326092740e-01
178000	-1.830823648464141e+04	7.134880441820415e-01	2.592634231952237e-01	2.022930544631696e-01	1.872363144598363e-01	3.512072078817703e-01
179000	-1.830435017120386e+04	7.146910398994681e-01	2.605854184627367e-01	1.967017391913136e-01	1.998053584966118e-01	3.429074838493379e-01
180000	-1.830491586809624e+04	7.219419112401912e-01	2.646139847156238e-01	1.962657545117751e-01	1.941039814425431e-01	3.450162793300580e-01
181000	-1.829173565511209e+04	7.199042293477241e-01	2.561352362021837e-01	1.972563066060411e-01	1.927134253850001e-01	3.538950318067750e-01
182000	-1.830704538468370e+04	7.202675191150339e-01	2.556708967132541e-01	2.032206808395292e-01	2.035309985273348e-01	3.375774239198819e-01
183000	-1.832309279587620e+04	7.327892227941022e-01	2.731614063401542e-01	1.930165950679653e-01	2.007095251826963e-01	3.331124734091842e-01
184000	-1.830471161124664e+04	7.017037346388569e-01	2.671052376794448e-01	1.930165950679653e-01	1.919130876477003e-01	3.479650796048895e-01
185000	-1.832268460558627e+04	7.181192228009652e-01	2.653831570710008e-01	1.930165950679653e-01	1.936351682561444e-01	3.479650796048895e-01
186000	-1.831821177882919e+04	6.862960806025711e-01	2.650361370471714e-01	1.930165950679653e-01	1.936351682561444e-01	3.483120996287190e-01
187000	-1.831845526310744e+04	7.180461786449370e-01	2.638558360117582e-01	1.998263227932451e-01	1.880057415662778e-01	3.483120996287190e-01
188000	-1.832800006096096e+04	7.044098751627218e-01	2.628567713018768e-01	2.140189588640731e-01	1.851844439396133e-01	3.379398258944368e-01
189000	-1.832791298044381e+04	6.776735106091960e-01	2.492920908657199e-01	1.966396757753654e-01	1.959215911966107e-01	3.581466421623042e-01
190000	-1.831759163815445e+04	6.861310831474139e-01	2.648289469369228e-01	2.047992424982984e-01	1.884724684077774e-01	3.418993421570013e-01
191000	-1.832524884409695e+04	7.272834682404828e-01	2.500117248868647e-01	2.091840411215374e-01	1.917215151130512e-01	3.490827188785466e-01
192000	-1.831879554504308e+04	7.280747962700733e-01	2.656290947946444e-01	2.002024441008403e-01	1.925682293517651e-01	3.416002317527502e-01
193000	-1.830693179760785e+04	6.938454391041046e-01	2.679043906864849e-01	1.941476235480982e-01	1.963477540126668e-01	3.416002317527502e-01
194000	-1.832366913832705e+04	7.347392469967292e-01	2.687234685966817e-01	2.007134284712909e-01	1.897572779232592e-01	3.408058250087680e-01
195000	-1.831115759528526e+04	7.468946447730090e-01	2.640262216456609e-01	2.010110730367049e-01	1.834128996413426e-01	3.515498056762917e-01
196000	-1.832105768191108e+04	7.038181439988710e-01	2.692438178335952e-01	1.920368269980497e-01	1.808891847758906e-01	3.578301703924645e-01
197000	-1.831919407915666e+04	7.392095542340845e-01	2.597472506507218e-01	1.962268855269067e-01	1.911326496588136e-01	3.528932141635579e-01
198000	-1.828275588883095e+04	6.822729876707559e-01	2.597472506507218e-01	1.962268855269067e-01	1.911326496588136e-01	3.528932141635579e-01
199000	-1.831611951169586e+04	7.728380024186610e-01	2.597472506507218e-01	1.962268855269067e-01	1.891372418237353e-01	3.548886219986362e-01
200000	-1.828700042264053e+04	7.084916248098203e-01	2.597472506507218e-01	1.962268855269067e-01	1.891372418237353e-01	3.548886219986362e-01
201000	-1.829381745917473e+04	7.077008173910384e-01	2.733885164513267e-01	1.852443697322965e-01	1.864784918177405e-01	3.548886219986362e-01
202000	-1.827172929417734e+04	6.883429717578757e-01	2.681051294147668e-01	1.852443697322965e-01	1.930259134227661e-01	3.536245874301706e-01
203000	-1.829028742198191e+04	6.997638496971291e-01	2.593083222422845e-01	1.936548871130561e-01	1.934122032144889e-01	3.536245874301706e-01
204000	-1.830421948158402e+04	7.110860416070448e-01	2.626960296651408e-01	1.981105487880604e-01	1.808524777141565e-01	3.583409438326422e-01
205000	-1.830973435434135e+04	7.023342112371718e-01	2.702392646462276e-01	1.965828708408555e-01	1.813908654559087e-01	3.517869990570083e-01
206000	-1.831126327545133e+04	7.318433709356502e-01	2.649092864147782e-01	1.984844908404076e-01	1.869740271430091e-01	3.496321956018049e-01
207000	-1.832612864246091e+04	7.474976725172419e-01	2.606611666933100e-01	1.928048487622347e-01	2.013814383526387e-01	3.451525461918167e-01
208000	-1.831986822555980e+04	7.355126424491012e-01	2.606611666933100e-01	1.928048487622347e-01	1.982737016048506e-01	3.482602829396048e-01
209000	-1.831309004454543e+04	7.149777839466464e-01	2.606611666933100e-01	1.928048487622347e-01	1.982737016048506e-01	3.482602829396048e-01
210000	-1.832536007347365e+04	7.139227839545008e-01	2.568734117996405e-01	2.048689414567308e-01	1.910192398678068e-01	3.472384068758219e-01
211000	-1.831198689399568e+04	7.167404209066262e-01	2.562941971701953e-01	1.958547500754906e-01	1.855570737346679e-01	3.622939790196462e-01
212000	-1.833585780136562e+04	7.409473589214516e-01	2.562941971701953e-01	1.969649221505310e-01	1.844469016596275e-01	3.622939790196462e-01
213000	-1.832241872463916e+04	7.140134853899704e-01	2.633670086217533e-01	1.933422396572420e-01	1.816271319183797e-01	3.616636198026250e-01
214000	-1.829819376154174e+04	6.997650868318874e-01	2.636939404515638e-01	1.950054728253332e-01	1.850119544840844e-01	3.562886322390187e-01
215000	-1.831755859367823e+04	7.199004976790271e-01	2.628458431694971e-01	2.052521112962524e-01	1.902573202267758e-01	3.416447253074748e-01
216000	-1.831313550775625e+04	7.384688204376065e-01	2.657010653382984e-01	2.052521112962524e-01	1.874020980579744e-01	3.416447253074748e-01
217000	-1.830742178565756e+04	7.008514241614109e-01	2.654493943573196e-01	1.982599077260938e-01	1.785498218284672e-01	3.577408760881195e-01
218000	-1.832967612370912e+04	7.381566497923380e-01	2.719331256458887e-01	2.006358251464638e-01	1.899375472983483e-01	3.374935019092992e-01
219000	-1.832827926628235e+04	7.153808786847238e-01	2.544592814737956e-01	1.996730934483621e-01	1.810019660686374e-01	3.648656590092048e-01
220000	-1.833992383473308e+04	7.343220164420079e-01	2.563689854022475e-01	2.070791981563387e-01	1.834256731703205e-01	3.531261432710933e-01
221000	-1.832789055967691e+04	7.126974282385443e-01	2.601372492040854e-01	1.942611810292634e-01	1.855356982789063e-01	3.600658714877449e-01
222000	-1.835965644652845e+04	7.525493269568784e-01	2.608814516321620e-01	1.926522316058398e-01	1.965778137707515e-01	3.498885029912467e-01
223000	-1.832089100905765e+04	7.181886388119310e-01	2.562334051744366e-01	1.958557836765847e-01	1.916708124167323e-01	3.562399987322464e-01
224000	-1.832125350418032e+04	7.134634656874170e-01	2.526690686693007e-01	2.019547984716944e-01	1.929032202270362e-01	3.524729126319688e-01
225000	-1.831969289303475e+04	7.275543167855348e-01	2.635061575977150e-01	2.018662011557981e-01	1.975744248238239e-01	3.370532164226631e-01
226000	-1.829619491522720e+04	7.060579718103905e-01	2.633561231549150e-01	1.947303308795078e-01	1.870714798074213e-01	3.548420661581558e-01
227000	-1.831571428567028e+04	7.339167014387172e-01	2.633561231549150e-01	1.947303308795078e-01	1.900494720317034e-01	3.518640739338738e-01
228000	-1.830153195649428e+04	7.027830605177467e-01	2.652380022515506e-01	1.948348947026333e-01	1.886687002307965e-01	3.512584028150196e-01
229000	-1.831324905010825e+04	7.195930652935203e-01	2.652380022515506e-01	1.948348947026333e-01	1.876818001005802e-01	3.522453029452359e-01
230000	-1.831405707327835e+04	7.480688743371375e-01	2.673367847105750e-01	1.881010567334719e-01	1.944156380697415e-01	3.501465204862115e-01
231000	-1.831387425569273e+04	7.257910461780982e-01	2.692777109060267e-01	1.826100950030559e-01	1.899640072762257e-01	3.581481868146918e-01
232000	-1.831295469953866e+04	7.531885893326125e-01	2.609842438485234e-01	2.025016067712542e-01	1.906087947680476e-01	3.459053546121748e-01
233000	-1.829851312029186e+04	7.086696850345163e-01	2.688076452707784e-01	2.010472326785429e-01	1.894841069411430e-01	3.406610151095358e-01
234000	-1.829997698661709e+04	7.258738035377583e-01	2.635543214500973e-01	1.993450280714833e-01	1.875965077935312e-01	3.495041426848882e-01
235000	-1.831176041114130e+04	7.477632242060765e-01	2.634120200830284e-01	1.964425424930406e-01	1.896890702877517e-01	3.504563671361793e-01
236000	-1.831840116000947e+04	7.362070968353511e-01	2.634120200830284e-01	2.024739800344042e-01	1.836576327463881e-01	3.504563671361793e-01
237000	-1.830564274758699e+04	7.308624245493992e-01	2.651742202403736e-01	2.012979502984769e-01	1.907398280333377e-01	3.427880014278119e-01
238000	-1.830628602222770e+04	7.478411807658464e-01	2.599222822086923e-01	1.967035021393404e-01	1.922962944087246e-01	3.510779212432427e-01
239000	-1.829395932880807e+04	7.071518443307427e-01	2.621371409795536e-01	1.954037234971668e-01	1.900814356378633e-01	3.523776998854165e-01
240000	-1.831941577364334e+04	7.771425854033684e-01	2.621371409795536e-01	1.957711193485607e-01	1.916629149894006e-01	3.504288246824853e-01
241000	-1.830361222159179e+04	7.340091872728397e-01	2.549949643778243e-01	1.984080909826311e-01	2.003868524093924e-01	3.462100922301522e-01
242000	-1.830090637207513e+04	7.336832613214960e-01	2.549949643778243e-01	1.944218681270585e-01	1.918170425247166e-01	3.587661249704007e-01
243000	-1.828681667077186e+04	7.277605094375935e-01	2.649364515832996e-01	2.053587330755363e-01	1.931324834827948e-01	3.365723318583694e-01
244000	-1.829908976630243e+04	7.040900956640512e-01	2.744965744394162e-01	1.780481486720341e-01	1.927925702989271e-01	3.546627065896228e-01
245000	-1.832114052871798e+04	7.248200405439629e-01	2.629881019444626e-01	1.927581254616573e-01	1.962644905255944e-01	3.479892820682857e-01
246000	-1.831622873904748e+04	7.070061180867705e-01	2.705437072197586e-01	2.003142045328545e-01	1.887088852502984e-01	3.404332029970886e-01
247000	-1.832551745011370e+04	7.005568628645091e-01	2.628134225882497e-01	1.840263005830598e-01	1.966212028501473e-01	3.565390739785433e-01
248000	-1.832802579723300e+04	7.268377496858642e-01	2.628134225882497e-01	1.981812946725368e-01	1.966212028501473e-01	3.423840798890663e-01
249000	-1.832617154882964e+04	7.294822274897046e-01	2.608356223308728e-01	1.891144414727439e-01	2.029493245827472e-01	3.471006116136361e-01
250000	-1.831278462704746e+04	6.955104160111651e-01	2.653503222409467e-01	1.959328479663247e-01	1.882964346167506e-01	3.504203951759780e-01
251000	-1.833613047214216e+04	7.359423841449029e-01	2.618521408639202e-01	1.912407432333419e-01	1.917946159937770e-01	3.551124999089608e-01
252000	-1.832208254043018e+04	7.321843671869848e-01	2.549604520582263e-01	2.050595642154937e-01	1.892382275631200e-01	3.507417561631600e-01
253000	-1.830790706115171e+04	7.189717938853111e-01	2.620305901734348e-01	1.922650564552945e-01	1.892382275631200e-01	3.564661258081506e-01
254000	-1.834241626436494e+04	7.301770677730665e-01	2.620305901734348e-01	1.925844466459718e-01	1.892382275631200e-01	3.561467356174732e-01
255000	-1.834421105580608e+04	7.538090154927071e-01	2.620305901734348e-01	1.948613602370106e-01	1.951711443462642e-01	3.479369052432902e-01
256000	-1.831849500364675e+04	7.159612774288107e-01	2.670502351377102e-01	1.931013329273512e-01	1.901514993819888e-01	3.496969325529497e-01
257000	-1.834726923038515e+04	7.302568652979364e-01	2.670502351377102e-01	2.030617921798592e-01	1.801601006198623e-01	3.497278720625682e-01
258000	-1.834164443049339e+04	7.344866096463804e-01	2.670502351377102e-01	1.950402692435285e-01	1.817511101579432e-01	3.561583854608179e-01
259000	-1.831307467196546e+04	7.331636557487496e-01	2.627614637871621e-01	1.909177645416994e-01	1.858736148597723e-01	3.604471568113660e-01
260000	-1.832279983744041e+04	7.503211691475877e-01	2.700433359690272e-01	1.936732584976157e-01	1.796686860323928e-01	3.566147195009643e-01
261000	-1.833311125654596e+04	7.462601028188425e-01	2.654489680239090e-01	2.011926790517775e-01	1.939243859372529e-01	3.394339669870606e-01
262000	-1.831268721883839e+04	7.430496518973224e-01	2.654489680239090e-01	1.969035365470602e-01	1.939243859372529e-01	3.437231094917779e-01
263000	-1.830229505052471e+04	7.391686290204110e-01	2.601282284833193e-01	2.035279478384661e-01	1.926207141864366e-01	3.437231094917779e-01
264000	-1.829681559276567e+04	6.960128910572065e-01	2.601282284833193e-01	2.035279478384661e-01	1.867576105065790e-01	3.495862131716356e-01
265000	-1.831099233218357e+04	7.466920479102667e-01	2.708970893642028e-01	1.908344340438750e-01	1.894694835294634e-01	3.487989930624588e-01
266000	-1.829865892014277e+04	7.174553121877117e-01	2.691887018540232e-01	1.941053573266399e-01	1.969854324003683e-01	3.397205084189688e-01
267000	-1.829421142235680e+04	7.192541631360035e-01	2.622694344832341e-01	2.034183534748824e-01	1.876724362521258e-01	3.466397757897578e-01
268000	-1.828308181275136e+04	6.919530505218622e-01	2.588880564644354e-01	1.973254457721118e-01	1.805738526677341e-01	3.632126450957188e-01
269000	-1.829709953190681e+04	7.088243707801408e-01	2.569705406576582e-01	1.973254457721118e-01	1.824913684745112e-01	3.632126450957188e-01
270000	-1.831777223187084e+04	7.435284958126400e-01	2.696652349391190e-01	1.885300478659156e-01	1.858624630503265e-01	3.559422541446388e-01
271000	-1.830410300234148e+04	7.016407973241112e-01	2.571532539839984e-01	1.999026524029393e-01	1.982041855308433e-01	3.447399080822189e-01
272000	-1.829417177737867e+04	6.890559252567983e-01	2.571532539839984e-01	1.999026524029393e-01	1.982041855308433e-01	3.447399080822189e-01
273000	-1.830944852274030e+04	7.461576274483799e-01	2.571811723298423e-01	1.898387958984177e-01	1.919491224210860e-01	3.610309093506539e-01
274000	-1.830104507002317e+04	7.211119721968511e-01	2.683146499418802e-01	1.951392577831880e-01	1.873723250170818e-01	3.491737672578499e-01
275000	-1.829439852614804e+04	7.103458439898543e-01	2.613681326604022e-01	1.961875174963040e-01	1.882705037980303e-01	3.541738460452635e-01
276000	-1.829864682360378e+04	7.100866504386093e-01	2.581752977200320e-01	1.978698570537110e-01	1.870469980178240e-01	3.569078472084329e-01
277000	-1.830290675901506e+04	7.051574835620875e-01	2.642466022095115e-01	1.978210364082569e-01	1.929419007570559e-01	3.449904606251756e-01
278000	-1.836664819862839e+04	7.380829886976193e-01	2.511528189673440e-01	1.995445772395746e-01	1.947888528372466e-01	3.545137509558348e-01
279000	-1.834096767433909e+04	7.238210794318420e-01	2.673176656708161e-01	1.862812262385541e-01	2.026486314397068e-01	3.437524766509229e-01
280000	-1.832967231750594e+04	7.269341082466861e-01	2.728932835043774e-01	1.992487826014305e-01	1.959262895803021e-01	3.319316443138899e-01
281000	-1.832684616507032e+04	7.266969161889403e-01	2.609112283087730e-01	2.036855753056971e-01	1.920527217537984e-01	3.433504746317313e-01
282000	-1.833459158067268e+04	7.513253759600154e-01	2.586415458252476e-01	2.036855753056971e-01	1.825734006577065e-01	3.550994782113487e-01
283000	-1.830796699494811e+04	7.150011543551117e-01	2.540758668233807e-01	1.978475880241596e-01	2.012600888525520e-01	3.468164562999078e-01
284000	-1.829752435223665e+04	7.180274430980159e-01	2.622269265970297e-01	2.022101298690738e-01	1.938705305388026e-01	3.416924129950937e-01
285000	-1.831124891850050e+04	7.052674955244208e-01	2.642365173508348e-01	1.914646388312371e-01	1.840884294515592e-01	3.602104143663688e-01
