[ID: 6277402676]
Gen	LnL	TL	pi(A)	pi(C)	pi(G)	pi(T)
0	-4.247728402149017e+04	2.689999999999987e+00	2.500000000000000e-01	2.500000000000000e-01	2.500000000000000e-01	2.500000000000000e-01
1000	-3.106094105185728e+04	1.114482942732464e+00	2.477598906947107e-01	2.110030713971079e-01	1.815959257178562e-01	3.596411121903251e-01
2000	-2.659803400133274e+04	9.848595476116617e-01	2.477598906947107e-01	2.110030713971079e-01	1.815959257178562e-01	3.596411121903251e-01
3000	-2.455976009818192e+04	9.240750218458414e-01	2.612786942458942e-01	1.974842678459243e-01	1.815959257178562e-01	3.596411121903251e-01
4000	-2.295642704486203e+04	9.199169463159566e-01	2.678035141279844e-01	2.062189797986850e-01	1.859568870899074e-01	3.400206189834231e-01
5000	-2.211608092001919e+04	8.860035137291354e-01	2.558765235032763e-01	1.921988863469670e-01	1.976840948593712e-01	3.542404952903853e-01
6000	-2.064443969924113e+04	7.994948814454390e-01	2.644029357291780e-01	2.099250555749285e-01	1.913547889710494e-01	3.343172197248440e-01
7000	-2.003959774408633e+04	7.929103761743076e-01	2.673482754033018e-01	1.946441177689790e-01	1.938684851404257e-01	3.441391216872935e-01
8000	-1.971997580428641e+04	8.384971482476320e-01	2.673482754033018e-01	1.988116867836256e-01	1.938684851404257e-01	3.399715526726469e-01
9000	-1.929755500206798e+04	8.659049184220490e-01	2.679930816757485e-01	1.965955606945677e-01	1.972123777257315e-01	3.381989799039523e-01
10000	-1.914728830834999e+04	7.985913994413174e-01	2.697402715342026e-01	1.965955606945677e-01	1.972123777257315e-01	3.364517900454981e-01
11000	-1.898590405995273e+04	7.679325582836395e-01	2.637522306201864e-01	2.032572976145044e-01	1.813488047145705e-01	3.516416670507386e-01
12000	-1.891698778117470e+04	8.611647561880120e-01	2.697402715342026e-01	1.965955606945677e-01	1.972123777257315e-01	3.364517900454981e-01
13000	-1.882899186504785e+04	8.119349652980681e-01	2.618562469643463e-01	2.081586056592365e-01	1.861987681350402e-01	3.437863792413770e-01
14000	-1.875746379166126e+04	7.914352095318198e-01	2.620652768907580e-01	2.023405625772235e-01	1.918862067342068e-01	3.437079537978117e-01
15000	-1.864235084061263e+04	7.285511700235731e-01	2.619251618551034e-01	1.958014613887897e-01	2.026942041053694e-01	3.395791726507376e-01
16000	-1.858196918804436e+04	7.465644430430067e-01	2.533233298042440e-01	2.046950334981324e-01	1.871812112008880e-01	3.548004254967355e-01
17000	-1.843254049668706e+04	7.571463615978522e-01	2.678242956174955e-01	1.953055596583799e-01	1.960207841889795e-01	3.408493605351451e-01
18000	-1.839293361076337e+04	7.193859628011114e-01	2.722961692790122e-01	1.953055596583799e-01	1.915489105274628e-01	3.408493605351451e-01
19000	-1.835484527043946e+04	7.153233386169295e-01	2.678927598972652e-01	1.947622548762763e-01	1.937941147373424e-01	3.435508704891163e-01
20000	-1.833736440321564e+04	7.091367291494897e-01	2.589698717311468e-01	1.986140381945823e-01	1.899423314190364e-01	3.524737586552347e-01
21000	-1.833035882300924e+04	7.061409396783990e-01	2.700151441750281e-01	1.875687657507010e-01	1.899423314190364e-01	3.524737586552347e-01
22000	-1.830627888061744e+04	7.319433842928668e-01	2.562698691795540e-01	1.956251813199393e-01	1.938989275670997e-01	3.542060219334071e-01
23000	-1.830846032023576e+04	7.175634237077173e-01	2.562698691795540e-01	1.956251813199393e-01	1.938989275670997e-01	3.542060219334071e-01
24000	-1.832049672429659e+04	7.431570976378402e-01	2.562698691795540e-01	1.956251813199393e-01	1.938989275670997e-01	3.542060219334071e-01
25000	-1.831601718555921e+04	7.451679409106379e-01	2.562698691795540e-01	1.956251813199393e-01	1.938989275670997e-01	3.542060219334071e-01
26000	-1.833686202291389e+04	7.055234995239547e-01	2.519943532955188e-01	1.975336516223604e-01	1.859495197958968e-01	3.645224752862241e-01
27000	-1.832629776971109e+04	7.143162332613430e-01	2.519943532955188e-01	1.975336516223604e-01	1.975914384846553e-01	3.528805565974656e-01
28000	-1.833928351376334e+04	7.435726190886620e-01	2.671557067552854e-01	1.975336516223604e-01	1.975914384846553e-01	3.377192031376990e-01
29000	-1.834203328215957e+04	7.493629343698959e-01	2.671557067552854e-01	2.056515338035740e-01	1.894735563034416e-01	3.377192031376990e-01
30000	-1.834953061201340e+04	7.351373715067492e-01	2.673027597733166e-01	1.891541793973103e-01	1.857221891188598e-01	3.578208717105133e-01
31000	-1.834288112725104e+04	7.645429822849527e-01	2.663763236186590e-01	1.973862304288074e-01	1.902966208258597e-01	3.459408251266739e-01
32000	-1.834134221858603e+04	7.186599322733006e-01	2.663763236186590e-01	1.967553286969163e-01	1.909275225577508e-01	3.459408251266739e-01
33000	-1.833611458516501e+04	7.330065589293124e-01	2.623805454240264e-01	2.007511068915490e-01	1.909275225577508e-01	3.459408251266739e-01
34000	-1.831461535372957e+04	6.921829048730445e-01	2.599872973576687e-01	2.007511068915490e-01	1.933207706241085e-01	3.459408251266739e-01
35000	-1.832638124717294e+04	7.285665405838704e-01	2.584807335017693e-01	2.022576707474484e-01	1.933207706241085e-01	3.459408251266739e-01
36000	-1.831316745018516e+04	7.131862983266867e-01	2.731057169985099e-01	1.867139496345856e-01	1.897265432097003e-01	3.504537901572043e-01
37000	-1.829952536736964e+04	7.168543119015510e-01	2.699915199174615e-01	1.867139496345856e-01	1.897265432097003e-01	3.535679872382528e-01
38000	-1.831540078052732e+04	7.692532685992313e-01	2.638230676080934e-01	1.960234780577304e-01	1.902471940620468e-01	3.499062602721293e-01
39000	-1.831626034773747e+04	7.470436566493504e-01	2.655757879723179e-01	1.863159656997564e-01	1.937383838243290e-01	3.543698625035968e-01
40000	-1.831594477856385e+04	7.264221774313949e-01	2.737591489693527e-01	1.950623022801621e-01	1.867295342453353e-01	3.444490145051499e-01
41000	-1.831890220580231e+04	6.773167263882766e-01	2.634006613039147e-01	2.054207899456001e-01	1.867295342453353e-01	3.444490145051499e-01
42000	-1.835610272898137e+04	7.066233217797820e-01	2.717499238229325e-01	1.975151784244523e-01	1.964569695643634e-01	3.342779281882518e-01
43000	-1.833258401800272e+04	7.103545999305285e-01	2.812117772839728e-01	2.003402852764045e-01	1.804200361450259e-01	3.380279012945969e-01
44000	-1.834317351187027e+04	7.319806939702727e-01	2.738690373203280e-01	1.888298271997793e-01	1.884917744132222e-01	3.488093610666707e-01
45000	-1.833104683510966e+04	7.270361075384493e-01	2.738690373203280e-01	1.860903468606666e-01	1.884917744132222e-01	3.515488414057834e-01
46000	-1.833910312519125e+04	7.209439154243177e-01	2.540606023762598e-01	2.032221006834187e-01	2.010342834697440e-01	3.416830134705774e-01
47000	-1.831891045047886e+04	7.178248818751597e-01	2.549401204881441e-01	2.018344604166629e-01	1.915060263318356e-01	3.517193927633572e-01
48000	-1.831093626735397e+04	7.293214862586685e-01	2.601313301259578e-01	2.038883653939611e-01	1.904726667358363e-01	3.455076377442449e-01
49000	-1.829824874584613e+04	7.195557402363452e-01	2.538678155169952e-01	1.972945352301136e-01	1.873635857703256e-01	3.614740634825658e-01
50000	-1.831673146732475e+04	7.253707603349123e-01	2.640990514037542e-01	1.876422868266732e-01	1.937265002819661e-01	3.545321614876065e-01
51000	-1.829178231330015e+04	6.846572848445822e-01	2.570899414464646e-01	1.946513967839628e-01	1.937265002819661e-01	3.545321614876065e-01
52000	-1.830696750623759e+04	7.304851261077800e-01	2.687991801854347e-01	2.070182407988427e-01	1.888311333568221e-01	3.353514456589006e-01
53000	-1.831565235258997e+04	7.393543758027812e-01	2.687991801854347e-01	1.962957511933167e-01	1.969006122950345e-01	3.380044563262143e-01
54000	-1.831952001331441e+04	7.258268608265014e-01	2.581773906206986e-01	2.045574975415849e-01	1.882216409763735e-01	3.490434708613430e-01
55000	-1.833356907642312e+04	7.570503275672450e-01	2.683959740846729e-01	1.913490480726018e-01	1.906511760271981e-01	3.496038018155272e-01
56000	-1.831904000240289e+04	7.291284255956069e-01	2.683959740846729e-01	1.991424541138228e-01	1.906511760271981e-01	3.418103957743063e-01
57000	-1.833375254287000e+04	7.501491426334645e-01	2.683959740846729e-01	1.991424541138228e-01	1.842266440977583e-01	3.482349277037460e-01
58000	-1.833499907526393e+04	7.218982784853155e-01	2.683932251798811e-01	1.866665298922164e-01	1.903333808166720e-01	3.546068641112304e-01
59000	-1.836313107797229e+04	7.577267953626325e-01	2.613007165851857e-01	1.974398421198994e-01	1.907081450345990e-01	3.505512962603157e-01
60000	-1.834922644613459e+04	7.401283088821887e-01	2.645555058426050e-01	1.875562546956157e-01	1.946306865339688e-01	3.532575529278105e-01
61000	-1.834870761698052e+04	7.165664077016231e-01	2.658294922671245e-01	1.934083774797180e-01	1.946306865339688e-01	3.461314437191885e-01
62000	-1.834131374603123e+04	7.527752873145306e-01	2.658294922671245e-01	2.052731653195099e-01	1.827658986941769e-01	3.461314437191885e-01
63000	-1.835478495150706e+04	7.396079622239665e-01	2.606118216948582e-01	2.066535983501307e-01	2.043181694884145e-01	3.284164104665966e-01
64000	-1.832436794838743e+04	7.288419505977820e-01	2.591494678025056e-01	1.876981738420515e-01	2.001877352446475e-01	3.529646231107955e-01
65000	-1.832782072189317e+04	7.325171214376667e-01	2.591494678025056e-01	1.876981738420515e-01	2.001877352446475e-01	3.529646231107955e-01
66000	-1.831768858010848e+04	7.285365740013001e-01	2.821160225376364e-01	1.918938452419423e-01	1.813712736747269e-01	3.446188585456945e-01
67000	-1.832539031652881e+04	7.325346181200942e-01	2.821160225376364e-01	1.918938452419423e-01	1.813712736747269e-01	3.446188585456945e-01
68000	-1.831816421137258e+04	7.341655234470588e-01	2.611805233603863e-01	1.899852628692473e-01	1.843659152766884e-01	3.644682984936780e-01
69000	-1.832578379943490e+04	7.290203591286871e-01	2.611805233603863e-01	2.033079161193122e-01	1.843659152766884e-01	3.511456452436131e-01
70000	-1.833430032518353e+04	7.343095786414641e-01	2.583521914570397e-01	2.033079161193122e-01	1.871942471800349e-01	3.511456452436131e-01
71000	-1.832672485910913e+04	7.479735540512311e-01	2.625009365729326e-01	1.991591710034193e-01	1.871942471800349e-01	3.511456452436131e-01
72000	-1.832274714488373e+04	7.383052010135315e-01	2.625009365729326e-01	1.991591710034193e-01	1.962092747594359e-01	3.421306176642121e-01
73000	-1.830625700055562e+04	7.287248885007606e-01	2.609725724826473e-01	1.999795738083584e-01	1.904909345530959e-01	3.485569191558983e-01
74000	-1.829449049659171e+04	7.033721790937404e-01	2.635110286367109e-01	1.865716964168573e-01	1.926379037267870e-01	3.572793712196448e-01
75000	-1.831968930316668e+04	7.303495895759231e-01	2.635110286367109e-01	2.002136239435147e-01	1.909430557633946e-01	3.453322916563798e-01
76000	-1.832870214317497e+04	7.223590405307755e-01	2.634162362720014e-01	2.003084163082242e-01	1.909430557633946e-01	3.453322916563798e-01
77000	-1.831931495216852e+04	6.975492935545557e-01	2.634162362720014e-01	2.053054154415808e-01	1.859460566300380e-01	3.453322916563798e-01
78000	-1.830956457368811e+04	7.109877953662608e-01	2.666361358987498e-01	1.953879240447642e-01	1.953994471301751e-01	3.425764929263109e-01
79000	-1.832718330494440e+04	7.309605809720301e-01	2.666361358987498e-01	1.953879240447642e-01	1.894345849783052e-01	3.485413550781807e-01
80000	-1.832473001775893e+04	6.954845865615621e-01	2.666361358987498e-01	1.953879240447642e-01	1.944055986687354e-01	3.435703413877506e-01
81000	-1.831467834585908e+04	6.849802349763142e-01	2.666361358987498e-01	1.953879240447642e-01	1.955755406264172e-01	3.424003994300687e-01
82000	-1.833930591005214e+04	7.435709972285518e-01	2.666361358987498e-01	1.988310521671600e-01	1.946659314962430e-01	3.398668804378472e-01
83000	-1.833390180578420e+04	7.215741008847093e-01	2.682774954896142e-01	1.911366405552284e-01	1.902554658876512e-01	3.503303980675063e-01
84000	-1.833015742995324e+04	7.077245972321478e-01	2.785087059046076e-01	1.993914845938740e-01	1.793929341285501e-01	3.427068753729683e-01
85000	-1.830382207612003e+04	7.159697009075402e-01	2.551266260439813e-01	1.905714708287386e-01	1.935584494520710e-01	3.607434536752091e-01
86000	-1.831648479226186e+04	7.128394779550900e-01	2.551266260439813e-01	1.905714708287386e-01	1.935584494520710e-01	3.607434536752091e-01
87000	-1.831511037780193e+04	7.237476273641179e-01	2.645099209745845e-01	1.905714708287386e-01	1.841751545214678e-01	3.607434536752091e-01
88000	-1.828518855150428e+04	6.658349346407478e-01	2.537397375490701e-01	2.110423896504071e-01	1.874187602879319e-01	3.477991125125910e-01
89000	-1.828652550345623e+04	6.826920335809014e-01	2.597566256742111e-01	2.003513081202323e-01	1.922359199112924e-01	3.476561462942644e-01
90000	-1.831757340351045e+04	7.277823768090426e-01	2.546915895559033e-01	1.973625166399912e-01	1.922359199112924e-01	3.557099738928132e-01
91000	-1.832221906059139e+04	6.843217931520436e-01	2.634816943334838e-01	2.038929278099287e-01	1.806727917045485e-01	3.519525861520391e-01
92000	-1.831747276605420e+04	7.190146107547881e-01	2.546185860609259e-01	1.972285597083471e-01	1.859987621604751e-01	3.621540920702518e-01
93000	-1.831959776348199e+04	7.125452328543309e-01	2.694441423615732e-01	1.965243609525781e-01	1.961590606496428e-01	3.378724360362060e-01
94000	-1.831765850800118e+04	7.145537208092498e-01	2.670765718700794e-01	1.954679773674820e-01	1.907858268767415e-01	3.466696238856972e-01
95000	-1.831993716902772e+04	7.281915619456534e-01	2.629697607544805e-01	1.962961525749214e-01	1.907858268767415e-01	3.499482597938567e-01
96000	-1.831391495234648e+04	7.365246096886925e-01	2.629697607544805e-01	1.962961525749214e-01	1.907858268767415e-01	3.499482597938567e-01
97000	-1.833485686183137e+04	7.919181149057354e-01	2.629697607544805e-01	1.962961525749214e-01	1.907858268767415e-01	3.499482597938567e-01
98000	-1.830930958073801e+04	7.277753027064904e-01	2.646407657497249e-01	1.962961525749214e-01	1.925435932334370e-01	3.465194884419169e-01
99000	-1.831381481983532e+04	7.504766806115857e-01	2.591319655239804e-01	1.989854539458914e-01	1.883213725207667e-01	3.535612080093615e-01
100000	-1.831254586562567e+04	7.537591747455893e-01	2.657069366654656e-01	1.954321545127386e-01	1.807148977105505e-01	3.581460111112454e-01
101000	-1.829743522843128e+04	7.256124527011196e-01	2.757514582591961e-01	1.946803422152221e-01	1.814931130816022e-01	3.480750864439798e-01
102000	-1.830952154739492e+04	7.116165694317306e-01	2.629140020351043e-01	1.951593054439066e-01	1.918941344934268e-01	3.500325580275622e-01
103000	-1.830231009970896e+04	7.092636497583347e-01	2.629140020351043e-01	1.951593054439066e-01	1.918941344934268e-01	3.500325580275622e-01
104000	-1.830484628205479e+04	7.018886134619833e-01	2.629140020351043e-01	1.951593054439066e-01	1.918941344934268e-01	3.500325580275622e-01
105000	-1.830900923209317e+04	7.042080980579492e-01	2.629140020351043e-01	1.966587293017269e-01	1.903947106356065e-01	3.500325580275622e-01
106000	-1.830567921251216e+04	7.257653497938936e-01	2.683931339394635e-01	1.966587293017269e-01	1.983843126048890e-01	3.365638241539205e-01
107000	-1.830850358206283e+04	7.305969467937786e-01	2.704815663282215e-01	1.945702969129689e-01	1.983843126048890e-01	3.365638241539205e-01
108000	-1.831087930735825e+04	7.184639599201558e-01	2.567503769429645e-01	2.014366654772019e-01	1.826055769135095e-01	3.592073806663240e-01
109000	-1.830769318111059e+04	7.223151682881063e-01	2.641665753686850e-01	1.878962649876979e-01	1.986206849216250e-01	3.493164747219920e-01
110000	-1.829786265801029e+04	7.396105787580409e-01	2.641665753686850e-01	1.899372460014332e-01	1.965797039078898e-01	3.493164747219920e-01
111000	-1.828536736736343e+04	7.227225553197013e-01	2.708697103894873e-01	1.918905106800338e-01	1.828082340599084e-01	3.544315448705704e-01
112000	-1.828949592214547e+04	7.356798914089734e-01	2.630270183762125e-01	1.918905106800338e-01	1.954031665177184e-01	3.496793044260352e-01
113000	-1.829972679942323e+04	7.315498262457119e-01	2.714683879950160e-01	1.895885740998195e-01	1.862930255730958e-01	3.526500123320687e-01
114000	-1.828569676090576e+04	7.238782188693503e-01	2.714683879950160e-01	1.895885740998195e-01	1.862930255730958e-01	3.526500123320687e-01
115000	-1.827831204453480e+04	7.247612874183333e-01	2.570745639394395e-01	1.953579367791326e-01	1.949174869493592e-01	3.526500123320687e-01
116000	-1.829542077404480e+04	7.272307253223237e-01	2.613838738275698e-01	2.030694154270956e-01	1.877373060475795e-01	3.478094046977551e-01
117000	-1.829067952898792e+04	7.106466102912921e-01	2.613838738275698e-01	2.030694154270956e-01	1.877373060475795e-01	3.478094046977551e-01
118000	-1.830062927355749e+04	6.995531337110787e-01	2.613838738275698e-01	1.901684500020545e-01	1.877373060475795e-01	3.607103701227962e-01
119000	-1.831685432311881e+04	7.578424384258079e-01	2.524090549978833e-01	1.986045474144364e-01	1.962845543639662e-01	3.527018432237141e-01
120000	-1.831416929016908e+04	7.192933925146038e-01	2.647460989635102e-01	1.928002195872432e-01	1.935018651904458e-01	3.489518162588007e-01
121000	-1.833365553681626e+04	7.392312087083172e-01	2.647460989635102e-01	1.928002195872432e-01	1.935018651904458e-01	3.489518162588007e-01
122000	-1.832293113827564e+04	7.051480578145549e-01	2.617781690150726e-01	1.957681495356808e-01	1.902628807816540e-01	3.521908006675925e-01
123000	-1.830679000536194e+04	7.007511932142427e-01	2.664870379086470e-01	1.860783526896397e-01	1.896680579463441e-01	3.577665514553692e-01
124000	-1.830923688223491e+04	7.039921371487605e-01	2.515543480877581e-01	2.018080163900862e-01	1.888710840667864e-01	3.577665514553692e-01
125000	-1.831878969884137e+04	7.202117487882372e-01	2.566391433003396e-01	2.033899320861546e-01	1.938963166074565e-01	3.460746080060491e-01
126000	-1.831932627259612e+04	7.124117713576943e-01	2.667416918104351e-01	1.932873835760592e-01	1.929822074176492e-01	3.469887171958564e-01
127000	-1.833631154295908e+04	7.539210302937706e-01	2.667416918104351e-01	1.932873835760592e-01	1.929822074176492e-01	3.469887171958564e-01
128000	-1.831792821858796e+04	7.011183954542106e-01	2.576260030945278e-01	2.034245235858784e-01	1.880355836183716e-01	3.509138897012223e-01
129000	-1.832254287734469e+04	7.053594329734657e-01	2.671149899754529e-01	1.971242990756465e-01	1.896510835704464e-01	3.461096273784542e-01
130000	-1.833085864707769e+04	7.049125988589707e-01	2.681560047498679e-01	1.971242990756465e-01	1.886100687960314e-01	3.461096273784542e-01
131000	-1.832567732058022e+04	7.331625894350202e-01	2.536177029672508e-01	1.971242990756465e-01	1.854655670536670e-01	3.637924309034357e-01
132000	-1.831446735528739e+04	7.422566173948998e-01	2.541775518516620e-01	1.984615492585429e-01	1.964503388549810e-01	3.509105600348141e-01
133000	-1.831544143928935e+04	7.197010159524843e-01	2.541775518516620e-01	1.940791117482955e-01	1.949455898192951e-01	3.567977465807475e-01
134000	-1.831335708139319e+04	7.415670161585379e-01	2.708391322605659e-01	1.865332231282674e-01	1.961836171817345e-01	3.464440274294322e-01
135000	-1.830893288207398e+04	7.098317566029357e-01	2.660702168261647e-01	1.952956616423010e-01	1.876284148999600e-01	3.510057066315743e-01
136000	-1.833247428157123e+04	7.222362747429510e-01	2.698404572190294e-01	1.939698463651575e-01	1.851839897842388e-01	3.510057066315743e-01
137000	-1.833784804435241e+04	7.109526152331958e-01	2.603140247005812e-01	2.015418558895279e-01	1.898853826472260e-01	3.482587367626647e-01
138000	-1.832818676010421e+04	7.302793345534088e-01	2.658923459767739e-01	2.030141647206436e-01	1.864900923882228e-01	3.446033969143598e-01
139000	-1.832043824911726e+04	7.348391554989173e-01	2.718946259999931e-01	1.970118846974244e-01	1.864900923882228e-01	3.446033969143598e-01
140000	-1.832799534231190e+04	7.061857198798872e-01	2.675971434909488e-01	1.970118846974244e-01	1.907875748972671e-01	3.446033969143598e-01
141000	-1.834356554643987e+04	7.348948612268923e-01	2.675971434909488e-01	1.970118846974244e-01	1.907875748972671e-01	3.446033969143598e-01
142000	-1.832137771240185e+04	7.634246688159709e-01	2.597871475187303e-01	1.970118846974244e-01	1.985975708694855e-01	3.446033969143598e-01
143000	-1.830926274118887e+04	7.527634034545138e-01	2.670308910635179e-01	1.947226837330971e-01	1.872497034537182e-01	3.509967217496669e-01
144000	-1.830618701313866e+04	7.433727701600195e-01	2.547520840792086e-01	2.039210923499657e-01	1.953459330216561e-01	3.459808905491695e-01
145000	-1.831275166439823e+04	7.589449364833992e-01	2.621293462682869e-01	1.911963710302682e-01	1.872536183827692e-01	3.594206643186757e-01
146000	-1.831642435053003e+04	7.477469197101114e-01	2.671160483072751e-01	2.001285785981647e-01	1.871617948884890e-01	3.455935782060711e-01
147000	-1.833013070205550e+04	7.355640849402525e-01	2.627976247596166e-01	1.912905873146107e-01	1.963864690869945e-01	3.495253188387781e-01
148000	-1.833111379484846e+04	7.434097142962124e-01	2.605268112092681e-01	1.955612827666431e-01	1.847803089375003e-01	3.591315970865885e-01
149000	-1.831651154394988e+04	7.279099764257266e-01	2.605268112092681e-01	1.962025875286651e-01	1.847803089375003e-01	3.584902923245665e-01
150000	-1.830909133653070e+04	7.186775759098560e-01	2.561988813474011e-01	1.925479368286471e-01	1.963332842276902e-01	3.549198975962616e-01
151000	-1.830032312754012e+04	7.314788375575677e-01	2.561988813474011e-01	1.925479368286471e-01	1.963332842276902e-01	3.549198975962616e-01
152000	-1.832579502154418e+04	7.766862878981444e-01	2.674333879006371e-01	2.000440301706909e-01	1.936558888870548e-01	3.388666930416171e-01
153000	-1.830917181749467e+04	7.404718143354400e-01	2.579081665840170e-01	1.933101084802130e-01	2.017424283085082e-01	3.470392966272618e-01
154000	-1.831056325547491e+04	7.417600118038452e-01	2.749600706580609e-01	1.861267765135833e-01	1.892510051338847e-01	3.496621476944710e-01
155000	-1.830094280097681e+04	7.038038571902903e-01	2.577083126360210e-01	1.977069945251106e-01	1.926404485870949e-01	3.519442442517735e-01
156000	-1.830205651901615e+04	7.281357408164543e-01	2.595669583269500e-01	1.977069945251106e-01	1.862932469829164e-01	3.564328001650231e-01
157000	-1.829200848538595e+04	7.146608672884128e-01	2.603148997472088e-01	1.949562822998332e-01	1.947610700984266e-01	3.499677478545314e-01
158000	-1.829150098919793e+04	6.807053837452962e-01	2.635332067441865e-01	1.929247022118215e-01	1.897171931202979e-01	3.538248979236941e-01
159000	-1.831191715266030e+04	7.274487132243602e-01	2.635332067441865e-01	1.957190295465910e-01	1.869228657855284e-01	3.538248979236941e-01
160000	-1.829116933630682e+04	7.257664119583717e-01	2.605999903447304e-01	1.957190295465910e-01	1.876444056485557e-01	3.560365744601232e-01
161000	-1.831963624562938e+04	7.324018227320690e-01	2.605999903447304e-01	1.957190295465910e-01	1.876444056485557e-01	3.560365744601232e-01
162000	-1.830317377844267e+04	7.128382890971890e-01	2.544468409161439e-01	2.005487879188302e-01	1.876444056485557e-01	3.573599655164703e-01
163000	-1.829923808539547e+04	7.065301227044900e-01	2.624943186682157e-01	2.005487879188302e-01	1.876444056485557e-01	3.493124877643985e-01
164000	-1.830962025161944e+04	6.969204623334680e-01	2.624943186682157e-01	2.005487879188302e-01	1.876444056485557e-01	3.493124877643985e-01
165000	-1.831641206611550e+04	7.193073342783695e-01	2.635768682684231e-01	1.981033157959607e-01	1.894464835215762e-01	3.488733324140401e-01
166000	-1.833449760874981e+04	7.182660638700075e-01	2.717523406572639e-01	1.906826902721979e-01	1.876444056485557e-01	3.499205634219826e-01
167000	-1.832002166138249e+04	7.424950537638110e-01	2.611598627212434e-01	1.930167730313956e-01	1.907225685154808e-01	3.551007957318802e-01
168000	-1.831829565663727e+04	7.007683632279222e-01	2.611598627212434e-01	1.912853312051838e-01	1.927126176131984e-01	3.548421884603743e-01
169000	-1.832692839669539e+04	7.128999850101938e-01	2.656288856918363e-01	1.979138205748209e-01	1.906107270646750e-01	3.458465666686679e-01
170000	-1.829752974843042e+04	7.226176052708636e-01	2.660557097533834e-01	1.978916222474457e-01	1.902061013305029e-01	3.458465666686679e-01
171000	-1.832708212270714e+04	7.485547503873691e-01	2.675482982415680e-01	1.991406134760696e-01	1.871415903797385e-01	3.461694979026239e-01
172000	-1.831503331682348e+04	7.310913375439824e-01	2.675482982415680e-01	1.902263403822539e-01	1.960558634735542e-01	3.461694979026239e-01
173000	-1.829500411567128e+04	7.145159746423349e-01	2.628653878624932e-01	1.913477664777107e-01	1.910584164172947e-01	3.547284292425014e-01
174000	-1.829113071204244e+04	7.154127116095432e-01	2.628653878624932e-01	1.913477664777107e-01	1.910584164172947e-01	3.547284292425014e-01
175000	-1.827494296290233e+04	7.325683618551898e-01	2.610876924121561e-01	1.944608410814143e-01	1.897230372639282e-01	3.547284292425014e-01
176000	-1.828785741328855e+04	7.328338226708071e-01	2.669470506356766e-01	1.957958105526794e-01	1.863323060477557e-01	3.509248327638884e-01
177000	-1.834855324116011e+04	7.118044155560633e-01	2.664210289632913e-01	1.951340359329302e-01	1.958707059220356e-01	3.425742291817427e-01
178000	-1.831829054139112e+04	7.422682261699947e-01	2.660245890242738e-01	1.985218521980743e-01	1.883432139606844e-01	3.471103448169676e-01
179000	-1.830284212918912e+04	7.502799585427746e-01	2.660245890242738e-01	1.955115957594480e-01	1.939143837131301e-01	3.445494315031480e-01
180000	-1.828847135318875e+04	7.384651854808176e-01	2.619727152479720e-01	1.948595346770558e-01	1.953965577400388e-01	3.477711923349335e-01
181000	-1.829834037907232e+04	7.246444290870567e-01	2.619727152479720e-01	1.948595346770558e-01	1.953965577400388e-01	3.477711923349335e-01
182000	-1.827491918810342e+04	7.087726379452456e-01	2.667140108160679e-01	2.004300411756814e-01	1.862317588133037e-01	3.466241891949470e-01
183000	-1.829133670619142e+04	7.201558107858099e-01	2.628007286805142e-01	1.954659985330049e-01	1.950994277208175e-01	3.466338450656635e-01
184000	-1.830753455172251e+04	7.174303008689421e-01	2.628007286805142e-01	1.954659985330049e-01	1.950994277208175e-01	3.466338450656635e-01
185000	-1.829904854467970e+04	6.986719109426041e-01	2.567562854169256e-01	1.942964536779797e-01	1.909144658182330e-01	3.580327950868617e-01
186000	-1.830469549198702e+04	6.996231364770081e-01	2.624203334652845e-01	2.039893572383569e-01	1.909144658182330e-01	3.426758434781255e-01
187000	-1.831967987290358e+04	7.111160126200702e-01	2.624203334652845e-01	2.039893572383569e-01	1.909144658182330e-01	3.426758434781255e-01
188000	-1.829827246509791e+04	6.901564929603887e-01	2.691191227008861e-01	1.944339919589973e-01	1.886371717051175e-01	3.478097136349991e-01
189000	-1.830798904356186e+04	7.150281594701410e-01	2.592774462302221e-01	1.931153986293117e-01	1.926160433160581e-01	3.549911118244080e-01
190000	-1.830311012232950e+04	7.483175331364037e-01	2.614953580045016e-01	1.949495255535927e-01	1.885640046174976e-01	3.549911118244080e-01
191000	-1.828174034478149e+04	6.932029300893499e-01	2.627075537631918e-01	1.949495255535927e-01	1.873518088588074e-01	3.549911118244080e-01
192000	-1.829502665795762e+04	7.118968398334324e-01	2.627075537631918e-01	1.949495255535927e-01	1.972482258434534e-01	3.450946948397619e-01
193000	-1.828915395773228e+04	7.100021070049022e-01	2.604022250072920e-01	1.990518141388299e-01	1.910385108017968e-01	3.495074500520812e-01
194000	-1.829931691637268e+04	7.141910925734651e-01	2.685023779158832e-01	1.952847717488072e-01	1.922622253416155e-01	3.439506249936942e-01
195000	-1.832840258832028e+04	7.202685659951905e-01	2.645012930920034e-01	1.952847717488072e-01	1.962633101654953e-01	3.439506249936942e-01
196000	-1.831672289011021e+04	7.507538488198251e-01	2.645012930920034e-01	1.897242839574422e-01	1.945439547329305e-01	3.512304682176238e-01
197000	-1.830982865781508e+04	7.307784429620114e-01	2.645012930920034e-01	1.969852793634658e-01	1.879403631050876e-01	3.505730644394431e-01
198000	-1.831523299302106e+04	7.431233604374405e-01	2.675003099779595e-01	1.929192329881180e-01	1.927847942236637e-01	3.467956628102588e-01
199000	-1.829685032599614e+04	7.110716836034986e-01	2.589021606660971e-01	2.014233685190929e-01	1.871041565403438e-01	3.525703142744663e-01
200000	-1.829665711061498e+04	7.175958508512027e-01	2.655202788566942e-01	2.014233685190929e-01	1.924724188908150e-01	3.405839337333981e-01
201000	-1.831079880142863e+04	7.494703124540371e-01	2.816373313678747e-01	1.870524006862851e-01	1.993041347765601e-01	3.320061331692802e-01
202000	-1.831673440556387e+04	7.770935456468322e-01	2.502621792268946e-01	1.973572357177602e-01	1.966729435953471e-01	3.557076414599980e-01
203000	-1.832267487338267e+04	7.533178416216314e-01	2.617342663814309e-01	1.973036357038704e-01	1.785673571776923e-01	3.623947407370063e-01
204000	-1.832244128435984e+04	7.332833163786926e-01	2.610214117376266e-01	1.915428402473822e-01	1.894526616996856e-01	3.579830863153056e-01
205000	-1.832386970309836e+04	7.320431882128046e-01	2.610214117376266e-01	1.915428402473822e-01	1.894526616996856e-01	3.579830863153056e-01
206000	-1.833192937654524e+04	6.965041846093178e-01	2.610214117376266e-01	1.915428402473822e-01	1.929986710274915e-01	3.544370769874997e-01
207000	-1.831071091522017e+04	7.153755813543081e-01	2.642558274563691e-01	1.883084245286397e-01	1.929986710274915e-01	3.544370769874997e-01
208000	-1.830674012509667e+04	6.974897941414774e-01	2.725117840882058e-01	1.982423156390416e-01	1.884691224190793e-01	3.407767778536734e-01
209000	-1.829118042667042e+04	7.176700348902901e-01	2.721739904317808e-01	1.985659503846278e-01	1.884832813299181e-01	3.407767778536734e-01
210000	-1.829701366440457e+04	7.398317838935070e-01	2.727011697605896e-01	1.985659503846278e-01	1.879561020011093e-01	3.407767778536734e-01
211000	-1.831014545537565e+04	7.307438512314287e-01	2.727011697605896e-01	1.957205834087019e-01	1.879561020011093e-01	3.436221448295993e-01
212000	-1.829172988186663e+04	6.984531606961925e-01	2.594942770586978e-01	1.981901383320001e-01	1.985050297487701e-01	3.438105548605321e-01
213000	-1.829994547005399e+04	6.935056016987521e-01	2.702673697520416e-01	1.981901383320001e-01	1.866536859465096e-01	3.448888059694489e-01
214000	-1.829969113178478e+04	7.253758572673947e-01	2.680063442500784e-01	1.985533915170114e-01	1.857072617539560e-01	3.477330024789543e-01
215000	-1.833276748584448e+04	7.191640685750339e-01	2.700463120022256e-01	1.882031172560883e-01	1.940175682627320e-01	3.477330024789543e-01
216000	-1.832728253299100e+04	7.405890912357714e-01	2.593096839889487e-01	2.029669879513652e-01	1.912105067868005e-01	3.465128212728857e-01
217000	-1.832672655908472e+04	7.188202328457983e-01	2.620403913804316e-01	1.954436460553408e-01	1.857089293723417e-01	3.568070331918861e-01
218000	-1.830675240171620e+04	6.823794281120870e-01	2.673610280413095e-01	1.951194166918578e-01	1.860331587358246e-01	3.514863965310082e-01
219000	-1.831931627841392e+04	7.291710184000262e-01	2.663011893857301e-01	1.961792553474372e-01	1.893700917699100e-01	3.481494634969229e-01
220000	-1.829775284871813e+04	7.091583997783615e-01	2.585104210466340e-01	1.896517617760476e-01	1.850078751715629e-01	3.668299420057556e-01
221000	-1.831642382725629e+04	6.824884478356439e-01	2.652293956188214e-01	1.937124181253999e-01	1.976201565484281e-01	3.434380297073507e-01
222000	-1.832509236851650e+04	7.152027891698719e-01	2.587539438144095e-01	1.967838688757520e-01	1.835853582962333e-01	3.608768290136052e-01
223000	-1.833334240139849e+04	7.374832259630363e-01	2.714516345574953e-01	1.913149445790988e-01	1.828773656714914e-01	3.543560551919144e-01
224000	-1.832475737550216e+04	7.157372814084019e-01	2.628931331975288e-01	1.882926560643380e-01	1.976571982234697e-01	3.511570125146635e-01
225000	-1.830704706198357e+04	7.260199378457806e-01	2.688989711434819e-01	1.919901940602824e-01	1.896893145721961e-01	3.494215202240396e-01
226000	-1.831306871318774e+04	7.178594445460417e-01	2.719313017818194e-01	1.913780673829515e-01	1.941301779472169e-01	3.425604528880121e-01
227000	-1.832015673953816e+04	7.165052774874455e-01	2.711159580933280e-01	1.921934110714428e-01	1.941301779472169e-01	3.425604528880121e-01
228000	-1.834205320920538e+04	7.566364797637722e-01	2.565259877402238e-01	1.975653038653903e-01	1.933708918512586e-01	3.525378165431273e-01
229000	-1.832819476769140e+04	7.585581961997903e-01	2.686213003671437e-01	2.024217565916153e-01	1.883809146706982e-01	3.405760283705427e-01
230000	-1.831675341373050e+04	7.049581585864121e-01	2.662576220468941e-01	1.990868954900993e-01	1.885493690713875e-01	3.461061133916192e-01
231000	-1.830829205326231e+04	7.417166672184830e-01	2.674291877377162e-01	1.990868954900993e-01	1.873778033805654e-01	3.461061133916192e-01
232000	-1.829464995945174e+04	7.246184493853255e-01	2.674291877377162e-01	1.990868954900993e-01	1.895475761303563e-01	3.439363406418282e-01
233000	-1.831434621171190e+04	7.195211563526652e-01	2.653645802186531e-01	1.966304704715067e-01	1.903297152257707e-01	3.476752340840695e-01
234000	-1.830257453330381e+04	7.205135453296304e-01	2.653645802186531e-01	1.965684991866167e-01	1.878339946260434e-01	3.502329259686868e-01
235000	-1.831079013221091e+04	7.448751663471623e-01	2.707909300826686e-01	1.911421493226011e-01	1.878339946260434e-01	3.502329259686868e-01
236000	-1.829729599613371e+04	7.303394349645710e-01	2.620416856538669e-01	1.875286567139349e-01	1.985972623568283e-01	3.518323952753700e-01
237000	-1.830521288310536e+04	7.147985775865219e-01	2.601188019787242e-01	1.903367360929225e-01	1.897276567557016e-01	3.598168051726518e-01
238000	-1.831267981506194e+04	7.383748218350961e-01	2.616806816193111e-01	1.939928816615549e-01	1.845096315464823e-01	3.598168051726518e-01
239000	-1.831127968106047e+04	7.250202550223831e-01	2.597740740010305e-01	1.939928816615549e-01	1.912901789228756e-01	3.549428654145391e-01
240000	-1.830625856439424e+04	7.022505444842190e-01	2.602305105777705e-01	1.956994821870987e-01	1.895835783973318e-01	3.544864288377991e-01
241000	-1.831907465439226e+04	7.176549798850962e-01	2.676221459136184e-01	1.863170205711197e-01	1.943929295057751e-01	3.516679040094870e-01
242000	-1.832281145606773e+04	7.250603481180120e-01	2.668049305041057e-01	1.919486215320630e-01	1.811559593706926e-01	3.600904885931386e-01
243000	-1.831883066693636e+04	7.579031220024152e-01	2.668049305041057e-01	1.896993479193139e-01	1.921990165221150e-01	3.512967050544653e-01
244000	-1.831255386471410e+04	7.206857061389538e-01	2.590362513365213e-01	2.050467173661611e-01	1.825379012359958e-01	3.533791300613219e-01
245000	-1.830064075144357e+04	6.969334405826644e-01	2.542094895884144e-01	1.981268179890883e-01	1.896778479262923e-01	3.579858444962049e-01
246000	-1.829030567033758e+04	6.573678063739454e-01	2.632341982054189e-01	1.914819162237884e-01	1.896778479262923e-01	3.556060376445004e-01
247000	-1.829791528170623e+04	7.233272305238839e-01	2.613485772798386e-01	2.013067492403726e-01	1.830799678862209e-01	3.542647055935680e-01
248000	-1.829581966700837e+04	6.975227411003057e-01	2.674374072360212e-01	1.952179192841899e-01	1.830799678862209e-01	3.542647055935680e-01
249000	-1.830053454496539e+04	7.214696902408201e-01	2.674374072360212e-01	1.902581438334616e-01	1.880397433369492e-01	3.542647055935680e-01
250000	-1.830887727931210e+04	7.024201746157064e-01	2.665375734396520e-01	1.951781896117384e-01	1.897213295175336e-01	3.485629074310759e-01
251000	-1.829888334451830e+04	7.282718577444810e-01	2.665495103838928e-01	1.912171258922796e-01	1.939853901214535e-01	3.482479736023741e-01
252000	-1.830081487396725e+04	7.256776837404442e-01	2.665495103838928e-01	1.912171258922796e-01	1.939853901214535e-01	3.482479736023741e-01
253000	-1.830940803386077e+04	7.503196741505314e-01	2.687023084769548e-01	1.912171258922796e-01	1.910897659241521e-01	3.489907997066136e-01
254000	-1.831085168254772e+04	7.251047916595117e-01	2.719757334802616e-01	2.003678869168322e-01	1.780006743171686e-01	3.496557052857378e-01
255000	-1.830601756414074e+04	6.984963786690852e-01	2.599672201175776e-01	1.969879084013156e-01	1.908314618077696e-01	3.522134096733372e-01
256000	-1.829145626881252e+04	7.081837313155247e-01	2.557990875702354e-01	2.011560409486579e-01	1.908314618077696e-01	3.522134096733372e-01
257000	-1.830467452606186e+04	7.534368975423169e-01	2.585294547857775e-01	2.000974737441218e-01	1.908314618077696e-01	3.505416096623311e-01
258000	-1.829930826850294e+04	7.357443374045619e-01	2.594126526398119e-01	1.939563223571245e-01	1.953650745313243e-01	3.512659504717392e-01
259000	-1.829871162213929e+04	6.936004809549599e-01	2.594126526398119e-01	1.937471945514657e-01	1.955742023369831e-01	3.512659504717392e-01
260000	-1.831017442188608e+04	7.218470520417364e-01	2.662687503569487e-01	2.014100458452273e-01	1.875378980215362e-01	3.447833057762879e-01
261000	-1.831005187224513e+04	7.156506431246827e-01	2.638639834009204e-01	2.042249153049280e-01	1.899426649775646e-01	3.419684363165872e-01
262000	-1.834744549146206e+04	7.755135632563218e-01	2.746533606215483e-01	1.934355380843001e-01	1.921587459131729e-01	3.397523553809789e-01
263000	-1.829666118025419e+04	6.943365225618982e-01	2.594390472707278e-01	1.970101549622388e-01	1.983230924423826e-01	3.452277053246510e-01
264000	-1.830691997986306e+04	7.272727056911664e-01	2.663500993429596e-01	1.925642214488180e-01	1.983230924423826e-01	3.427625867658401e-01
265000	-1.830493322355767e+04	6.903894783062482e-01	2.676483576227892e-01	1.925642214488180e-01	1.983230924423826e-01	3.414643284860105e-01
266000	-1.830268775689847e+04	6.953255894648657e-01	2.662211394547666e-01	2.020581074346324e-01	1.862932735305709e-01	3.454274795800302e-01
267000	-1.832530722367243e+04	7.313034239890176e-01	2.644233984972763e-01	2.038558483921227e-01	1.902238204183427e-01	3.414969326922583e-01
268000	-1.832941260811060e+04	7.323587560679705e-01	2.644233984972763e-01	1.939803136604570e-01	1.902238204183427e-01	3.513724674239240e-01
269000	-1.830979751636735e+04	7.018670146847246e-01	2.679643054383776e-01	1.939803136604570e-01	1.927973478691863e-01	3.452580330319791e-01
270000	-1.829864329000111e+04	7.607675941039654e-01	2.650762657244418e-01	1.893152076610526e-01	1.957619322497229e-01	3.498465943647829e-01
271000	-1.829707685617141e+04	7.094424072981186e-01	2.574853239803397e-01	1.969061494051547e-01	1.936608405136491e-01	3.519476861008566e-01
272000	-1.832142224990102e+04	7.371471478566225e-01	2.574960929443317e-01	2.012531884612019e-01	1.863964888679256e-01	3.548542297265407e-01
273000	-1.830614521748196e+04	6.880894504831579e-01	2.623250536840834e-01	1.927492949046900e-01	1.876398101205114e-01	3.572858412907151e-01
274000	-1.833514418501780e+04	7.315160545717614e-01	2.588083889541209e-01	2.015091881418565e-01	1.876398101205114e-01	3.520426127835111e-01
275000	-1.830042452921990e+04	7.141825944345133e-01	2.642955578699947e-01	2.015091881418565e-01	1.821526412046376e-01	3.520426127835111e-01
276000	-1.831480826039385e+04	7.341289066404857e-01	2.648570554229311e-01	2.004950094465562e-01	1.870722570061440e-01	3.475756781243687e-01
277000	-1.832098660444179e+04	7.431826488234633e-01	2.679315156516829e-01	2.004950094465562e-01	1.836300892253264e-01	3.479433856764345e-01
278000	-1.830827829035219e+04	7.232709445175737e-01	2.701495818000884e-01	1.951743240107194e-01	1.912190882851353e-01	3.434570059040570e-01
279000	-1.830658578360059e+04	7.243840797707553e-01	2.616923289934628e-01	1.914193063299139e-01	1.930115429096408e-01	3.538768217669824e-01
280000	-1.831865698995948e+04	7.283640141001779e-01	2.524861362382141e-01	1.965180064166728e-01	1.971190355781305e-01	3.538768217669824e-01
281000	-1.830457648038264e+04	7.402175306605464e-01	2.635348253287878e-01	1.965180064166728e-01	1.949423878576275e-01	3.450047803969118e-01
282000	-1.830364587015938e+04	7.294798561516261e-01	2.635348253287878e-01	1.965180064166728e-01	1.917632992448970e-01	3.481838690096424e-01
283000	-1.830471794613355e+04	7.349881231219099e-01	2.691092251719807e-01	1.921008664300332e-01	1.906060393883437e-01	3.481838690096424e-01
284000	-1.829127183472819e+04	7.421251337434919e-01	2.582353829496792e-01	1.960171110582619e-01	1.927616888926769e-01	3.529858170993819e-01
285000	-1.828471250220671e+04	7.284801456422884e-01	2.659717731385958e-01	2.022046482159175e-01	1.927616888926769e-01	3.390618897528098e-01
