[ID: 5558898589]
Gen	LnL	TL	pi(A)	pi(C)	pi(G)	pi(T)
0	-1.820397678305247e+04	2.349999999999994e+00	2.500000000000000e-01	2.500000000000000e-01	2.500000000000000e-01	2.500000000000000e-01
1000	-1.336166179061181e+04	1.694941121653090e+00	2.073059914143854e-01	2.338627762044495e-01	2.543886600590418e-01	3.044425723221235e-01
2000	-1.083444277763620e+04	1.467114023891170e+00	2.010630556028764e-01	2.378072124231653e-01	2.338502387905154e-01	3.272794931834431e-01
3000	-9.927265984930442e+03	1.288886020206965e+00	2.037557008851999e-01	2.579226074319983e-01	2.525774013771812e-01	2.857442903056205e-01
4000	-9.147743633453216e+03	1.245500522305469e+00	2.179159835038227e-01	2.273738080791661e-01	2.543176379834656e-01	3.003925704335454e-01
5000	-8.690781753629815e+03	1.137126701530214e+00	2.060686600702444e-01	2.557294718975411e-01	2.341642215802626e-01	3.040376464519519e-01
6000	-8.307613627462111e+03	1.268758827964350e+00	1.904538557569886e-01	2.560657973273978e-01	2.608442157423368e-01	2.926361311732767e-01
7000	-8.164779697424066e+03	1.210041073156139e+00	1.931625062601985e-01	2.491310875039941e-01	2.606967254531797e-01	2.970096807826278e-01
8000	-7.996070311924378e+03	1.237317958210782e+00	1.949886293046771e-01	2.491310875039941e-01	2.618517059234118e-01	2.940285772679171e-01
9000	-7.957197859528040e+03	1.194610566420116e+00	2.031805966183815e-01	2.475689826471807e-01	2.576218266051797e-01	2.916285941292580e-01
10000	-7.885416572203190e+03	1.225466858357960e+00	1.927281191134746e-01	2.580214601520877e-01	2.576218266051797e-01	2.916285941292580e-01
11000	-7.844003886155362e+03	1.190941115231663e+00	2.091721038493589e-01	2.489075139809075e-01	2.530149388004901e-01	2.889054433692435e-01
12000	-7.831943351397729e+03	1.166080141119657e+00	1.961860670966916e-01	2.448480159517930e-01	2.546277481373464e-01	3.043381688141690e-01
13000	-7.824270380208511e+03	1.208032529999596e+00	2.148919093398504e-01	2.448480159517930e-01	2.546277481373464e-01	2.856323265710102e-01
14000	-7.824134529610768e+03	1.229835335033058e+00	1.982305878798047e-01	2.492292709523496e-01	2.413781866885917e-01	3.111619544792539e-01
15000	-7.795497247675862e+03	1.181818077652430e+00	1.982305878798047e-01	2.588144850447514e-01	2.413781866885917e-01	3.015767403868521e-01
16000	-7.788311197699613e+03	1.163426545713647e+00	1.982305878798047e-01	2.276279629054864e-01	2.614983025507322e-01	3.126431466639765e-01
17000	-7.786076882320881e+03	1.228414429729656e+00	2.034612876549188e-01	2.624150238675204e-01	2.332671786563917e-01	3.008565098211690e-01
18000	-7.807016796338127e+03	1.293278779875506e+00	1.949513671920439e-01	2.478168671583399e-01	2.454492907412269e-01	3.117824749083892e-01
19000	-7.802661308333055e+03	1.280007206655699e+00	1.966562226451924e-01	2.562858543527818e-01	2.359876083776383e-01	3.110703146243874e-01
20000	-7.795141381763427e+03	1.237391971786110e+00	2.059820766738188e-01	2.430397046527637e-01	2.500377064265555e-01	3.009405122468621e-01
21000	-7.797513796990250e+03	1.240121715926465e+00	1.943519519133955e-01	2.551631579800426e-01	2.495443778596997e-01	3.009405122468621e-01
22000	-7.777847857614941e+03	1.238215454365825e+00	1.943519519133955e-01	2.551631579800426e-01	2.495443778596997e-01	3.009405122468621e-01
23000	-7.787586252017961e+03	1.283914028817527e+00	1.973513477164564e-01	2.596156110611132e-01	2.361919695614167e-01	3.068410716610134e-01
24000	-7.778724599524549e+03	1.211475335038015e+00	1.973513477164564e-01	2.250826501467085e-01	2.665166181201465e-01	3.110493840166885e-01
25000	-7.770414046386210e+03	1.242465452086187e+00	2.035343131873533e-01	2.520011177849023e-01	2.427645731821330e-01	3.016999958456115e-01
26000	-7.770271604846380e+03	1.267139763452785e+00	2.117908991940950e-01	2.566399800462106e-01	2.434885607292506e-01	2.880805600304438e-01
27000	-7.763257426762373e+03	1.190976685109276e+00	2.022337573396432e-01	2.509463238142915e-01	2.480654724725967e-01	2.987544463734686e-01
28000	-7.769018024969894e+03	1.284553933834518e+00	1.974368698543714e-01	2.441011701135338e-01	2.513218466002503e-01	3.071401134318444e-01
29000	-7.752761709583338e+03	1.221786452657692e+00	2.053376605846532e-01	2.441011701135338e-01	2.513218466002503e-01	2.992393227015626e-01
30000	-7.770383108570113e+03	1.216294239931752e+00	1.991901626704887e-01	2.577122011127672e-01	2.462365049710060e-01	2.968611312457382e-01
31000	-7.760713572852399e+03	1.234331637619278e+00	1.991901626704887e-01	2.577122011127672e-01	2.462365049710060e-01	2.968611312457382e-01
32000	-7.757573169029175e+03	1.163658571510351e+00	1.969876431177857e-01	2.637485541548179e-01	2.411154324663973e-01	2.981483702609990e-01
33000	-7.775531266972990e+03	1.263782350943559e+00	1.892235983671317e-01	2.451983221569199e-01	2.538468242824267e-01	3.117312551935219e-01
34000	-7.762666482909306e+03	1.231152848995438e+00	1.957070508391845e-01	2.362103694674102e-01	2.499405448714088e-01	3.181420348219966e-01
35000	-7.753948819751527e+03	1.184873573993866e+00	1.983657535255824e-01	2.458680504665015e-01	2.570521707888876e-01	2.987140252190285e-01
36000	-7.770566365606879e+03	1.217117571963384e+00	1.874926531019989e-01	2.698990660498504e-01	2.497986565873686e-01	2.928096242607821e-01
37000	-7.753015539673690e+03	1.174852120925144e+00	1.874926531019989e-01	2.662602170540476e-01	2.497986565873686e-01	2.964484732565848e-01
38000	-7.763638324566855e+03	1.206535672987560e+00	1.940960793615314e-01	2.626099837926473e-01	2.560956927307427e-01	2.871982441150784e-01
39000	-7.778967744902548e+03	1.193818122681153e+00	1.929588509093942e-01	2.496032123088289e-01	2.582509399353399e-01	2.991869968464369e-01
40000	-7.760909797605182e+03	1.171735741401303e+00	2.028120307101513e-01	2.354060334748855e-01	2.640621454455422e-01	2.977197903694208e-01
41000	-7.765797934981471e+03	1.219706523177570e+00	2.012208794091648e-01	2.565281069626940e-01	2.521583898624025e-01	2.900926237657388e-01
42000	-7.762632439461085e+03	1.222562511738581e+00	2.012208794091648e-01	2.615875614055273e-01	2.521583898624025e-01	2.850331693229055e-01
43000	-7.749876388431236e+03	1.204957665020261e+00	2.053783037332783e-01	2.482761785651421e-01	2.614039275855012e-01	2.849415901160786e-01
44000	-7.772454546849832e+03	1.283886412744732e+00	2.033234131586925e-01	2.484071902324606e-01	2.614039275855012e-01	2.868654690233459e-01
45000	-7.774475348091865e+03	1.293445146328640e+00	2.105534220412193e-01	2.539967375111497e-01	2.485843714242853e-01	2.868654690233459e-01
46000	-7.767849234910985e+03	1.187102305922299e+00	2.105534220412193e-01	2.511398829272412e-01	2.485843714242853e-01	2.897223236072545e-01
47000	-7.763624310652497e+03	1.189449022195369e+00	1.929260484388893e-01	2.506048874236268e-01	2.468666835818313e-01	3.096023805556523e-01
48000	-7.763753746899984e+03	1.211771966053891e+00	1.916621317651622e-01	2.508065444020730e-01	2.479289432771123e-01	3.096023805556523e-01
49000	-7.755447598905401e+03	1.180556762200282e+00	1.965029085428555e-01	2.582132997998069e-01	2.447049338330235e-01	3.005788578243142e-01
50000	-7.750888299849031e+03	1.201571681048016e+00	1.965029085428555e-01	2.508515971646265e-01	2.520666364682039e-01	3.005788578243142e-01
51000	-7.765347527843558e+03	1.280371451638101e+00	1.995909677446024e-01	2.508515971646265e-01	2.561365639651612e-01	2.934208711256099e-01
52000	-7.788304052790227e+03	1.265775633850948e+00	1.996284022220857e-01	2.504155708477572e-01	2.671891306020570e-01	2.827668963281001e-01
53000	-7.791803139376570e+03	1.221671955817085e+00	2.008464832172431e-01	2.548038909788315e-01	2.640761213870955e-01	2.802735044168298e-01
54000	-7.771177949910600e+03	1.220992042099915e+00	2.011776280601314e-01	2.441271054002625e-01	2.529420162280083e-01	3.017532503115978e-01
55000	-7.762841693334165e+03	1.244645356000121e+00	1.946885960717409e-01	2.499949590746670e-01	2.641122491890526e-01	2.912041956645396e-01
56000	-7.755561136763998e+03	1.175992793658602e+00	2.102580847427341e-01	2.467222390320803e-01	2.654072697124693e-01	2.776124065127163e-01
57000	-7.768672330708548e+03	1.155667683259423e+00	2.059398032461498e-01	2.451857351544738e-01	2.530315288275605e-01	2.958429327718159e-01
58000	-7.781484638292989e+03	1.189295154497128e+00	2.005081528325687e-01	2.596569425575965e-01	2.607875444757808e-01	2.790473601340540e-01
59000	-7.764558897926459e+03	1.185411371927337e+00	2.001700643902221e-01	2.633335140649798e-01	2.424729934811026e-01	2.940234280636957e-01
60000	-7.772575025776703e+03	1.201107863136243e+00	2.120353879322397e-01	2.470002126678570e-01	2.504387655546504e-01	2.905256338452531e-01
61000	-7.750946946126653e+03	1.198450468958058e+00	2.012816511858635e-01	2.527849482332404e-01	2.473477311039185e-01	2.985856694769777e-01
62000	-7.780819278803493e+03	1.270991596802779e+00	2.105590253732358e-01	2.521742406047567e-01	2.501558344681887e-01	2.871108995538189e-01
63000	-7.750545643009829e+03	1.213959834400621e+00	1.954879992814561e-01	2.595601884524367e-01	2.502830564186889e-01	2.946687558474183e-01
64000	-7.751590629850704e+03	1.213499012028543e+00	1.882385868937203e-01	2.316799130508524e-01	2.600453797479312e-01	3.200361203074962e-01
65000	-7.751249554112128e+03	1.204342704746404e+00	2.105563119973211e-01	2.594104715529952e-01	2.473749759164919e-01	2.826582405331919e-01
66000	-7.792458442415042e+03	1.267441018392609e+00	1.995552602539570e-01	2.389525998597442e-01	2.583760276598558e-01	3.031161122264429e-01
67000	-7.769076652241730e+03	1.196479900262117e+00	2.033644122359421e-01	2.389800939121633e-01	2.492218069246502e-01	3.084336869272443e-01
68000	-7.785758782539265e+03	1.191469849699305e+00	2.050149061441529e-01	2.536073955719323e-01	2.350069410850629e-01	3.063707571988520e-01
69000	-7.784882112594150e+03	1.179549854664236e+00	2.034320433739480e-01	2.596139344147647e-01	2.343604458420261e-01	3.025935763692612e-01
70000	-7.751072226171495e+03	1.184661691087914e+00	1.937492900196088e-01	2.526353214545596e-01	2.474613258172744e-01	3.061540627085571e-01
71000	-7.768927753061467e+03	1.230306153450538e+00	2.008815453064134e-01	2.502968997456811e-01	2.587275156883309e-01	2.900940392595745e-01
72000	-7.776249935616783e+03	1.201841211565047e+00	1.918494487397971e-01	2.561415554065345e-01	2.404228533800458e-01	3.115861424736226e-01
73000	-7.775181227028371e+03	1.202940584361064e+00	1.809569764779523e-01	2.665260846688630e-01	2.633671997246113e-01	2.891497391285734e-01
74000	-7.769748006635438e+03	1.182184748800522e+00	1.880026896524908e-01	2.579814977195046e-01	2.455790936102784e-01	3.084367190177263e-01
75000	-7.753625463328223e+03	1.191826811909276e+00	2.157650971110572e-01	2.394824751599560e-01	2.500810390469732e-01	2.946713886820139e-01
76000	-7.770673849660910e+03	1.203123196705814e+00	1.798907340236757e-01	2.608062693337324e-01	2.731176874073102e-01	2.861853092352817e-01
77000	-7.778356354200379e+03	1.189102068466711e+00	1.942419527430035e-01	2.694923281224157e-01	2.568993798345344e-01	2.793663393000466e-01
78000	-7.769844201752348e+03	1.186172053381820e+00	1.948952470022133e-01	2.400946244121075e-01	2.729668371923932e-01	2.920432913932861e-01
79000	-7.765242724111100e+03	1.169826998372706e+00	2.008342430953850e-01	2.413755487598285e-01	2.516436356995891e-01	3.061465724451974e-01
80000	-7.767879291925054e+03	1.234422046137575e+00	1.924368043572421e-01	2.692509580602810e-01	2.525751190079219e-01	2.857371185745550e-01
81000	-7.749463895045642e+03	1.192078038721320e+00	1.975733387413242e-01	2.474842537886234e-01	2.632539111144043e-01	2.916884963556483e-01
82000	-7.771236118590756e+03	1.215081729680565e+00	1.975733387413242e-01	2.474842537886234e-01	2.514497949921756e-01	3.034926124778769e-01
83000	-7.750601189075134e+03	1.186461465326141e+00	2.025751490136790e-01	2.640040257830318e-01	2.404494473828614e-01	2.929713778204278e-01
84000	-7.741748177600589e+03	1.208107740227545e+00	1.832519421181656e-01	2.394968084262490e-01	2.587522196825907e-01	3.184990297729945e-01
85000	-7.756404802294845e+03	1.202553649752195e+00	2.093988084192420e-01	2.462254005928428e-01	2.573875535089942e-01	2.869882374789211e-01
86000	-7.759810956787840e+03	1.201197713860154e+00	1.947911791373207e-01	2.705240176903923e-01	2.510378711336472e-01	2.836469320386398e-01
87000	-7.766980766304191e+03	1.238511649505365e+00	2.052441090102176e-01	2.559002407035819e-01	2.479684564254989e-01	2.908871938607017e-01
88000	-7.759175241622590e+03	1.230114442532763e+00	2.039326569895143e-01	2.424279181481812e-01	2.521009292684138e-01	3.015384955938909e-01
89000	-7.762967164481681e+03	1.192019732549211e+00	1.862798131759087e-01	2.553253095191919e-01	2.447266405539344e-01	3.136682367509651e-01
90000	-7.765669044961560e+03	1.221595364489159e+00	2.017502731498413e-01	2.414289958633689e-01	2.533113431788032e-01	3.035093878079864e-01
91000	-7.759630009679544e+03	1.216853698305929e+00	2.052274781484490e-01	2.587003615922315e-01	2.588344052546172e-01	2.772377550047022e-01
92000	-7.760457355762869e+03	1.207481356829006e+00	2.009865880601082e-01	2.487274999660669e-01	2.656346531867252e-01	2.846512587870997e-01
93000	-7.795450640664126e+03	1.201393713111890e+00	1.887900491259471e-01	2.561827449610333e-01	2.476232893386165e-01	3.074039165744032e-01
94000	-7.773895589123467e+03	1.236997337361079e+00	1.827706345628588e-01	2.581834983705600e-01	2.464845437384869e-01	3.125613233280944e-01
95000	-7.767427427017939e+03	1.264100640889650e+00	2.082006587281391e-01	2.492857118620646e-01	2.423182041363230e-01	3.001954252734733e-01
96000	-7.754932049400531e+03	1.210228668531152e+00	1.919674314885971e-01	2.653105790668559e-01	2.483173128169489e-01	2.944046766275980e-01
97000	-7.758689870686019e+03	1.195485602319966e+00	1.891350304342774e-01	2.555064479139336e-01	2.536111201482305e-01	3.017474015035587e-01
98000	-7.752668788786047e+03	1.193424917040748e+00	2.112360370135483e-01	2.449949774368599e-01	2.511637593519497e-01	2.926052261976421e-01
99000	-7.756158301930443e+03	1.187744040211575e+00	1.922770207596056e-01	2.524054114484631e-01	2.428854598737654e-01	3.124321079181660e-01
100000	-7.762068763251352e+03	1.215975205227220e+00	1.988595276274271e-01	2.665327049997733e-01	2.532625604747075e-01	2.813452068980921e-01
101000	-7.787068316756088e+03	1.255298153161831e+00	2.035328366429074e-01	2.574650948336102e-01	2.379547098729241e-01	3.010473586505582e-01
102000	-7.756746555586213e+03	1.219942789059472e+00	2.011311319772796e-01	2.585112713270010e-01	2.604407556520770e-01	2.799168410436425e-01
103000	-7.748648114770606e+03	1.163562426710280e+00	1.985185513850617e-01	2.507077149540169e-01	2.517781135346264e-01	2.989956201262950e-01
104000	-7.767938307346378e+03	1.215412483218193e+00	1.955673920098483e-01	2.482034979347621e-01	2.542823305538812e-01	3.019467795015085e-01
105000	-7.760035477609973e+03	1.155439461337793e+00	2.047999572874804e-01	2.524358192222518e-01	2.562013892209539e-01	2.865628342693140e-01
106000	-7.764881590618186e+03	1.163243647488434e+00	2.047999572874804e-01	2.524358192222518e-01	2.562013892209539e-01	2.865628342693140e-01
107000	-7.757122529474257e+03	1.239028991188610e+00	1.991262761686959e-01	2.375493128420559e-01	2.736101269016715e-01	2.897142840875768e-01
108000	-7.755572611544933e+03	1.260216676070019e+00	1.900632276588052e-01	2.520971085044524e-01	2.544899111471309e-01	3.033497526896114e-01
109000	-7.740339920646732e+03	1.154329441611028e+00	1.960842291924181e-01	2.562949473950082e-01	2.482570699343578e-01	2.993637534782159e-01
110000	-7.769939698965788e+03	1.309201769232777e+00	1.982703197292283e-01	2.541088568581981e-01	2.482570699343578e-01	2.993637534782159e-01
111000	-7.736560776886588e+03	1.194401089946655e+00	2.027292018371729e-01	2.429710254680154e-01	2.579088638509765e-01	2.963909088438352e-01
112000	-7.754720522229421e+03	1.276637273169008e+00	2.104406195747597e-01	2.448422935509633e-01	2.544071674071809e-01	2.903099194670961e-01
113000	-7.749687649827761e+03	1.223298194779213e+00	2.085560783815129e-01	2.402768528094771e-01	2.599727399194446e-01	2.911943288895653e-01
114000	-7.746087704257237e+03	1.205382940903732e+00	1.851678612703950e-01	2.530817018282200e-01	2.518975233997016e-01	3.098529135016834e-01
115000	-7.770709267647395e+03	1.226614691547252e+00	1.970772024602679e-01	2.375306908419462e-01	2.493666482513235e-01	3.160254584464625e-01
116000	-7.779109194052833e+03	1.296005474779349e+00	2.004217422973372e-01	2.419868935533659e-01	2.757398939213461e-01	2.818514702279507e-01
117000	-7.767067514422646e+03	1.208299330059127e+00	1.942991778727791e-01	2.472919234196261e-01	2.520813628934695e-01	3.063275358141254e-01
118000	-7.781413793883306e+03	1.207127160335433e+00	2.013338283949373e-01	2.381108167098339e-01	2.413344713400216e-01	3.192208835552072e-01
119000	-7.761008882812332e+03	1.243900669403716e+00	2.014533581182393e-01	2.464929499856305e-01	2.620367183003961e-01	2.900169735957341e-01
120000	-7.769724984644485e+03	1.214256851847316e+00	1.977129364454437e-01	2.420160995428999e-01	2.585024474779158e-01	3.017685165337406e-01
121000	-7.758929044381986e+03	1.231645644314466e+00	1.977129364454437e-01	2.427731813518412e-01	2.577453656689745e-01	3.017685165337406e-01
122000	-7.755867944172835e+03	1.185716689374096e+00	1.953004291132229e-01	2.479006390752099e-01	2.525974496669747e-01	3.042014821445924e-01
123000	-7.766624848199739e+03	1.227485160242570e+00	1.880218741119282e-01	2.399006108280837e-01	2.477312345284113e-01	3.243462805315769e-01
124000	-7.775783393036325e+03	1.229926531733516e+00	1.906753332970526e-01	2.541597052980651e-01	2.556713130108035e-01	2.994936483940789e-01
125000	-7.767685555725559e+03	1.229863926787599e+00	1.841151270620952e-01	2.432878865987850e-01	2.688995636107682e-01	3.036974227283516e-01
126000	-7.769054901981283e+03	1.232118443854865e+00	2.094247666574354e-01	2.567645918510664e-01	2.325627343401184e-01	3.012479071513798e-01
127000	-7.765840262915162e+03	1.267982213945683e+00	1.922633055447999e-01	2.590734876075281e-01	2.567710968450777e-01	2.918921100025943e-01
128000	-7.763182044004357e+03	1.195493211563269e+00	1.978701550295771e-01	2.402190894935319e-01	2.627130501669681e-01	2.991977053099229e-01
129000	-7.773281076436618e+03	1.203057767404083e+00	1.964418068145129e-01	2.297481205692118e-01	2.580126374427970e-01	3.157974351734782e-01
130000	-7.762458625856179e+03	1.232536091436399e+00	2.114809034369966e-01	2.460185378652326e-01	2.506568711389106e-01	2.918436875588602e-01
131000	-7.750170706899555e+03	1.187907986814124e+00	1.923658835596516e-01	2.531372382355654e-01	2.470519921514510e-01	3.074448860533319e-01
132000	-7.771783351168499e+03	1.289585801287366e+00	1.850628628728230e-01	2.608972569472179e-01	2.526712164503049e-01	3.013686637296542e-01
133000	-7.745336695287890e+03	1.167495751232044e+00	2.038623107239092e-01	2.402876615180748e-01	2.558414743891050e-01	3.000085533689109e-01
134000	-7.767199474382166e+03	1.242527264613605e+00	1.939011630815198e-01	2.487364642211369e-01	2.551613391868646e-01	3.022010335104786e-01
135000	-7.748413258471379e+03	1.206890545507274e+00	1.974600221512295e-01	2.480006632469438e-01	2.516024801171548e-01	3.029368344846717e-01
136000	-7.759254616177586e+03	1.245419495007345e+00	1.938170991481842e-01	2.695300077987851e-01	2.511673970988783e-01	2.854854959541526e-01
137000	-7.723466542766246e+03	1.142941133485238e+00	1.893556789969820e-01	2.544206365764356e-01	2.468537585048606e-01	3.093699259217219e-01
138000	-7.753990213642385e+03	1.245196882535615e+00	2.133087665143632e-01	2.422692606104528e-01	2.534951888518459e-01	2.909267840233380e-01
139000	-7.761890992184101e+03	1.247803463841936e+00	2.097372663080979e-01	2.522612445350164e-01	2.462821245584405e-01	2.917193645984452e-01
140000	-7.734118285345675e+03	1.206859441290863e+00	1.995031125114120e-01	2.632289104444377e-01	2.456460807603699e-01	2.916218962837804e-01
141000	-7.745646113423772e+03	1.189085543174039e+00	2.007832389928310e-01	2.577896603132738e-01	2.362162738385606e-01	3.052108268553347e-01
142000	-7.763736942371786e+03	1.254964214631016e+00	2.070430730787478e-01	2.383399957073571e-01	2.542429029835890e-01	3.003740282303061e-01
143000	-7.780685342491089e+03	1.264153808684971e+00	2.016755121997136e-01	2.350220056216282e-01	2.523593227960878e-01	3.109431593825703e-01
144000	-7.764128931040247e+03	1.226809850804337e+00	1.978577831676082e-01	2.537834086113701e-01	2.655221125802413e-01	2.828366956407804e-01
145000	-7.759692748674467e+03	1.221789008037017e+00	1.934014882068463e-01	2.582099992081930e-01	2.473350595600843e-01	3.010534530248763e-01
146000	-7.748768436637497e+03	1.202149128859498e+00	2.109433615683748e-01	2.392086903735032e-01	2.439182024159974e-01	3.059297456421247e-01
147000	-7.734638931213005e+03	1.207056714137453e+00	2.050516539971928e-01	2.507785818497132e-01	2.468454960855892e-01	2.973242680675048e-01
148000	-7.750788599307985e+03	1.200146569896779e+00	2.018062861303462e-01	2.372842483348903e-01	2.538181624797752e-01	3.070913030549883e-01
149000	-7.763648342682030e+03	1.251491233851789e+00	1.903137591471099e-01	2.631738431797309e-01	2.421809697533218e-01	3.043314279198375e-01
150000	-7.770664918042168e+03	1.245016306219907e+00	1.989669486209392e-01	2.519957476363043e-01	2.501456373615994e-01	2.988916663811570e-01
151000	-7.770750598397670e+03	1.262431727869773e+00	2.029116579160380e-01	2.463885649502130e-01	2.584286000327238e-01	2.922711771010253e-01
152000	-7.742066065326477e+03	1.187517441509458e+00	1.916347127650645e-01	2.489314819533112e-01	2.455754281419380e-01	3.138583771396863e-01
153000	-7.744180564395952e+03	1.195429881834454e+00	2.133252394350923e-01	2.489314819533112e-01	2.455754281419380e-01	2.921678504696585e-01
154000	-7.749928526243311e+03	1.230311900847331e+00	2.043852455591090e-01	2.448410549029009e-01	2.586058490683316e-01	2.921678504696585e-01
155000	-7.765469294222695e+03	1.222832767436079e+00	2.192082440649797e-01	2.231820855763960e-01	2.600209961185693e-01	2.975886742400550e-01
156000	-7.778475594801942e+03	1.224314867187090e+00	1.908327101387445e-01	2.586694043124760e-01	2.516187179530642e-01	2.988791675957153e-01
157000	-7.773211192906111e+03	1.173689445040793e+00	2.034185519996204e-01	2.557276180293968e-01	2.425709902756903e-01	2.982828396952925e-01
158000	-7.769275812857737e+03	1.219812894791901e+00	1.772612654939958e-01	2.523904266912145e-01	2.535576610304656e-01	3.167906467843242e-01
159000	-7.754214237025672e+03	1.191718578314867e+00	1.925732257709478e-01	2.425475209980502e-01	2.660423016509628e-01	2.988369515800391e-01
160000	-7.757666469827058e+03	1.201105589909744e+00	2.018048491880219e-01	2.480583243305347e-01	2.424159707994534e-01	3.077208556819900e-01
161000	-7.752093650945407e+03	1.176729585816901e+00	2.043423078552806e-01	2.607374417479746e-01	2.569118275375410e-01	2.780084228592038e-01
162000	-7.770236242477180e+03	1.249799516345439e+00	1.887606425274701e-01	2.469438745672623e-01	2.498917073539891e-01	3.144037755512784e-01
163000	-7.761189346111573e+03	1.175712343704910e+00	2.025508213008149e-01	2.445130890651794e-01	2.541209528305684e-01	2.988151368034372e-01
164000	-7.759576326962463e+03	1.135979543480101e+00	2.072603499910970e-01	2.437571696447051e-01	2.487997766717645e-01	3.001827036924334e-01
165000	-7.778040365341732e+03	1.225106576362858e+00	2.064858830775537e-01	2.463048586399480e-01	2.427156910443913e-01	3.044935672381070e-01
166000	-7.777365369407710e+03	1.142504408194566e+00	2.001658145658743e-01	2.463827708415036e-01	2.619454890011131e-01	2.915059255915089e-01
167000	-7.793855517491636e+03	1.227580233075907e+00	2.129090504964413e-01	2.452178800839656e-01	2.460742850574008e-01	2.957987843621924e-01
168000	-7.793087307394840e+03	1.179159889980679e+00	1.967968247930028e-01	2.555839737564765e-01	2.562497614206966e-01	2.913694400298240e-01
169000	-7.760044888708754e+03	1.179490822755784e+00	1.967037319934705e-01	2.582531521608522e-01	2.576368974922003e-01	2.874062183534770e-01
170000	-7.765059365273100e+03	1.165568602004859e+00	1.881383753812177e-01	2.457692853782399e-01	2.553930372714524e-01	3.106993019690900e-01
171000	-7.766390097687559e+03	1.144268441305802e+00	2.114900392869518e-01	2.488761377210948e-01	2.426676932492966e-01	2.969661297426567e-01
172000	-7.782423028068734e+03	1.215179385703541e+00	1.978444646495402e-01	2.473682120175948e-01	2.598268629156501e-01	2.949604604172147e-01
173000	-7.780584489059032e+03	1.254323104458005e+00	2.025510401868205e-01	2.634228725933748e-01	2.514101778350005e-01	2.826159093848042e-01
174000	-7.758374241286551e+03	1.171734845082060e+00	1.916592594758859e-01	2.605401734071396e-01	2.610030664932771e-01	2.867975006236973e-01
175000	-7.763581640174483e+03	1.215607217202967e+00	2.041393963441070e-01	2.508667440270638e-01	2.493994437529031e-01	2.955944158759261e-01
176000	-7.739233140125465e+03	1.146573702772356e+00	1.908629576876502e-01	2.587679322039022e-01	2.536790330650317e-01	2.966900770434160e-01
177000	-7.759453185430271e+03	1.219387177992013e+00	2.005206635542710e-01	2.354767224321482e-01	2.689006470301327e-01	2.951019669834481e-01
178000	-7.770657809423474e+03	1.210880918155799e+00	2.003866438277220e-01	2.534095584842143e-01	2.523757710366853e-01	2.938280266513784e-01
179000	-7.768167275921212e+03	1.164868715339992e+00	2.043947254914047e-01	2.519664791951471e-01	2.434064749898378e-01	3.002323203236102e-01
180000	-7.770249201377347e+03	1.195729987472534e+00	1.949908428070753e-01	2.519664791951471e-01	2.544125926476943e-01	2.986300853500832e-01
181000	-7.763316351538610e+03	1.233529461789894e+00	1.925693632058891e-01	2.532795640451460e-01	2.594609335350114e-01	2.946901392139535e-01
182000	-7.765027884703294e+03	1.239493574517699e+00	1.870570209331733e-01	2.631355642630301e-01	2.547898744429212e-01	2.950175403608753e-01
183000	-7.775993757938710e+03	1.304783630104847e+00	1.976088511531584e-01	2.561711739403035e-01	2.554944779470568e-01	2.907254969594814e-01
184000	-7.741537752105855e+03	1.214198081441151e+00	2.018597201385971e-01	2.544930109024960e-01	2.593885800131492e-01	2.842586889457577e-01
185000	-7.741513331998388e+03	1.193807221136856e+00	2.023279131876083e-01	2.458270546060977e-01	2.396522761295765e-01	3.121927560767175e-01
186000	-7.758643507515588e+03	1.188457385684497e+00	2.045882627521586e-01	2.616322573230549e-01	2.485618145284944e-01	2.852176653962921e-01
187000	-7.760495979628489e+03	1.282987022386414e+00	1.895421835507324e-01	2.576967482473483e-01	2.526282099581745e-01	3.001328582437449e-01
188000	-7.765737354191116e+03	1.183599268421873e+00	1.980269844548381e-01	2.513920226554861e-01	2.578725044888542e-01	2.927084884008215e-01
189000	-7.767432684069531e+03	1.189242416014293e+00	2.054980946082812e-01	2.513920226554861e-01	2.504013943354111e-01	2.927084884008215e-01
190000	-7.795173606374745e+03	1.255995114660339e+00	1.920854539135596e-01	2.535350010209250e-01	2.525205824914299e-01	3.018589625740854e-01
191000	-7.786838114115198e+03	1.268710928410453e+00	1.944617938465371e-01	2.493247948260553e-01	2.547404691836337e-01	3.014729421437738e-01
192000	-7.760442196930111e+03	1.241190973265369e+00	1.781465547434040e-01	2.623289565279673e-01	2.513187828703823e-01	3.082057058582465e-01
193000	-7.770404695594168e+03	1.257168201803534e+00	1.977257874420190e-01	2.545505364453705e-01	2.543241458549391e-01	2.933995302576713e-01
194000	-7.762941633371737e+03	1.209187958889207e+00	2.104429281457939e-01	2.460196239261329e-01	2.335109098345976e-01	3.100265380934757e-01
195000	-7.766240664650159e+03	1.219557640955799e+00	2.203642735453045e-01	2.467389418843393e-01	2.358097046609717e-01	2.970870799093846e-01
196000	-7.758035088335736e+03	1.161299024937353e+00	2.006449358240539e-01	2.483685868896550e-01	2.526377524983858e-01	2.983487247879051e-01
197000	-7.745487806673645e+03	1.128729663980791e+00	2.078933681486591e-01	2.454348178464716e-01	2.566425034889165e-01	2.900293105159529e-01
198000	-7.765139174122973e+03	1.259871526509423e+00	2.044837390139306e-01	2.567257416417106e-01	2.409211714981243e-01	2.978693478462343e-01
199000	-7.765193423260794e+03	1.191504347431982e+00	2.081541025569168e-01	2.515760292827541e-01	2.435251536125025e-01	2.967447145478265e-01
200000	-7.749120913454120e+03	1.239676318374313e+00	1.831034984640581e-01	2.614927479533202e-01	2.571671974635073e-01	2.982365561191144e-01
201000	-7.747384045559883e+03	1.209253162971767e+00	1.966704263955393e-01	2.404070135115690e-01	2.516680303264984e-01	3.112545297663933e-01
202000	-7.758449149645627e+03	1.156908571749446e+00	2.000073928749361e-01	2.471964259410389e-01	2.639290009395237e-01	2.888671802445014e-01
203000	-7.739727045376955e+03	1.188208647537210e+00	1.900409355331652e-01	2.586736178055834e-01	2.477273739186406e-01	3.035580727426108e-01
204000	-7.751373298357943e+03	1.222641261438630e+00	1.918373795804146e-01	2.529127388346840e-01	2.657101037185746e-01	2.895397778663267e-01
205000	-7.752614663158409e+03	1.172586692102961e+00	1.891250637673590e-01	2.539175147962255e-01	2.565733360035675e-01	3.003840854328479e-01
206000	-7.757568477690462e+03	1.207216126050636e+00	2.025019958901049e-01	2.555570714547597e-01	2.558607370225299e-01	2.860801956326054e-01
207000	-7.756855007531244e+03	1.159220957493158e+00	1.980005517090478e-01	2.563217801418035e-01	2.439677972129838e-01	3.017098709361649e-01
208000	-7.757148190159471e+03	1.191688194077223e+00	1.995900884576079e-01	2.455000367578059e-01	2.651333256090817e-01	2.897765491755044e-01
209000	-7.764098300427907e+03	1.222054871211348e+00	2.181548051399989e-01	2.518831341667579e-01	2.418087003339365e-01	2.881533603593066e-01
210000	-7.751911630903181e+03	1.175316425750764e+00	2.166875848562462e-01	2.556436033766799e-01	2.444980261636938e-01	2.831707856033802e-01
211000	-7.756924496037959e+03	1.184641958378811e+00	2.108216544920180e-01	2.299594660683621e-01	2.483002480281734e-01	3.109186314114466e-01
212000	-7.759161901342674e+03	1.220960372296940e+00	2.188914824119452e-01	2.422921355434098e-01	2.395477451267602e-01	2.992686369178849e-01
213000	-7.764339797565228e+03	1.237249635050719e+00	2.088551407497774e-01	2.548017690649643e-01	2.395477451267602e-01	2.967953450584982e-01
214000	-7.775308607894826e+03	1.290398440455011e+00	1.888058398836896e-01	2.662321935337494e-01	2.548465521028314e-01	2.901154144797297e-01
215000	-7.754987278487567e+03	1.300649409544340e+00	1.895976320692139e-01	2.654404013482251e-01	2.548465521028314e-01	2.901154144797297e-01
216000	-7.745796802392852e+03	1.188346372137815e+00	2.080415408769537e-01	2.554071924862599e-01	2.543362392974570e-01	2.822150273393293e-01
217000	-7.768045521973630e+03	1.236334589956056e+00	1.861008717046655e-01	2.381021533635101e-01	2.716412784202067e-01	3.041556965116174e-01
218000	-7.764775298703022e+03	1.192460535093439e+00	1.942545353675524e-01	2.504603672817562e-01	2.600038714021903e-01	2.952812259485010e-01
219000	-7.767266072690286e+03	1.211077503078030e+00	1.940198507927919e-01	2.550893523781131e-01	2.379620746747257e-01	3.129287221543695e-01
220000	-7.788013891385108e+03	1.218084563497086e+00	1.927854669318938e-01	2.501071797194858e-01	2.550570613522467e-01	3.020502919963737e-01
221000	-7.780434267281611e+03	1.215134639280677e+00	2.037618052754460e-01	2.561062699573950e-01	2.499489066298549e-01	2.901830181373042e-01
222000	-7.768797981730046e+03	1.176326799035172e+00	2.119941816029987e-01	2.455556054129544e-01	2.565692103561903e-01	2.858810026278565e-01
223000	-7.791406997667176e+03	1.233571422456299e+00	1.883828138697131e-01	2.408997345225087e-01	2.646640116565471e-01	3.060534399512311e-01
224000	-7.755159575014358e+03	1.216188968496837e+00	2.005737081365080e-01	2.408997345225087e-01	2.524731173897521e-01	3.060534399512311e-01
225000	-7.754119735469639e+03	1.181577952889620e+00	1.954297509886426e-01	2.656559146340817e-01	2.448697623871663e-01	2.940445719901094e-01
226000	-7.753208058923765e+03	1.233539724189764e+00	2.063610350783556e-01	2.479404190933858e-01	2.507900003170508e-01	2.949085455112080e-01
227000	-7.762076004885875e+03	1.167923568514214e+00	1.929508877977161e-01	2.553375264928135e-01	2.549958311201660e-01	2.967157545893043e-01
228000	-7.757906881555865e+03	1.193523884901161e+00	2.019661704414384e-01	2.460263140214493e-01	2.599480915773387e-01	2.920594239597735e-01
229000	-7.757507409503468e+03	1.230114766630961e+00	1.994198658488816e-01	2.391606806131763e-01	2.592960576085485e-01	3.021233959293937e-01
230000	-7.752613719555361e+03	1.217078684253132e+00	1.994198658488816e-01	2.372352573929589e-01	2.548247770877560e-01	3.085200996704036e-01
231000	-7.753048363016480e+03	1.263200920204430e+00	2.055343733593694e-01	2.481585164564222e-01	2.576385474118030e-01	2.886685627724053e-01
232000	-7.766899168147474e+03	1.204758343992033e+00	2.005636229718173e-01	2.542649986646304e-01	2.588108848609301e-01	2.863604935026222e-01
233000	-7.767923873979638e+03	1.227163280887333e+00	2.049493006782356e-01	2.402796021818763e-01	2.622215838205085e-01	2.925495133193795e-01
234000	-7.762347013527708e+03	1.170601652787256e+00	2.097720120670586e-01	2.379296883049507e-01	2.567923046067779e-01	2.955059950212127e-01
235000	-7.770888386456738e+03	1.220628525179759e+00	2.217241046663645e-01	2.375071126894551e-01	2.493198699413308e-01	2.914489127028496e-01
236000	-7.779673075247000e+03	1.261432424906288e+00	2.155332001935385e-01	2.403568974542436e-01	2.336777302884655e-01	3.104321720637523e-01
237000	-7.759778154247985e+03	1.146092123820519e+00	2.102627844590859e-01	2.403531821108953e-01	2.535592288439044e-01	2.958248045861144e-01
238000	-7.750156342132364e+03	1.246434388562337e+00	1.999321902338483e-01	2.546219419260543e-01	2.569005350857559e-01	2.885453327543417e-01
239000	-7.744374698293213e+03	1.265723611788414e+00	1.977512187791834e-01	2.547413397406486e-01	2.510264324807854e-01	2.964810089993827e-01
240000	-7.771415756484589e+03	1.286588331193684e+00	1.965713902997779e-01	2.480362678185654e-01	2.513847575523986e-01	3.040075843292581e-01
241000	-7.738425722778214e+03	1.191116949669732e+00	1.999466437330896e-01	2.557467337531010e-01	2.513847575523986e-01	2.929218649614107e-01
242000	-7.727850173836347e+03	1.163637858542048e+00	1.943336767924557e-01	2.505826766872732e-01	2.564956160153491e-01	2.985880305049220e-01
243000	-7.757613449112903e+03	1.240191145432354e+00	1.989727092821233e-01	2.639007511685291e-01	2.460552950772293e-01	2.910712444721183e-01
244000	-7.758442532450034e+03	1.224164755486436e+00	2.088543951840706e-01	2.431107002236526e-01	2.523661126498228e-01	2.956687919424539e-01
245000	-7.735055450641158e+03	1.139230825051210e+00	2.083512028064647e-01	2.442602313342837e-01	2.507353572689068e-01	2.966532085903448e-01
246000	-7.748423128871795e+03	1.184780428438842e+00	2.034859728080777e-01	2.410254540623705e-01	2.571644391828088e-01	2.983241339467430e-01
247000	-7.750913008348979e+03	1.214958569905537e+00	2.034859728080777e-01	2.462340281107841e-01	2.669986695834843e-01	2.832813294976539e-01
248000	-7.786630013942487e+03	1.288598883816177e+00	2.020642088937921e-01	2.602463525089808e-01	2.483017908875314e-01	2.893876477096958e-01
249000	-7.771665928176395e+03	1.264745462609296e+00	2.071956759867225e-01	2.561051553406566e-01	2.555865114798065e-01	2.811126571928144e-01
250000	-7.755791277519251e+03	1.195438392504137e+00	2.050867414149865e-01	2.546753103163539e-01	2.401088039248801e-01	3.001291443437795e-01
251000	-7.760034243764032e+03	1.181110965668784e+00	2.092109595212967e-01	2.616828656315864e-01	2.401088039248801e-01	2.889973709222369e-01
252000	-7.758104605417732e+03	1.205830531516860e+00	1.740634013705083e-01	2.515482043967141e-01	2.684426931548013e-01	3.059457010779765e-01
253000	-7.757251756570010e+03	1.131188520784923e+00	2.051031065828840e-01	2.587010559551222e-01	2.523258637192736e-01	2.838699737427203e-01
254000	-7.756049270565223e+03	1.191053687299610e+00	2.081848017645362e-01	2.559185652754062e-01	2.482009763578880e-01	2.876956566021696e-01
255000	-7.767132075618341e+03	1.209765845142891e+00	1.964215385201734e-01	2.630755002158409e-01	2.489467605575639e-01	2.915562007064219e-01
256000	-7.756778920031969e+03	1.296769921712634e+00	1.896456175101075e-01	2.477458180643558e-01	2.614116722854818e-01	3.011968921400548e-01
257000	-7.742052278205428e+03	1.173224078595063e+00	1.879529528406736e-01	2.559788412491615e-01	2.599577485063170e-01	2.961104574038479e-01
258000	-7.760427772927841e+03	1.217380220707165e+00	1.956252080350590e-01	2.447843179382405e-01	2.606996266397105e-01	2.988908473869900e-01
259000	-7.755787278371312e+03	1.168453272476429e+00	2.115602068699500e-01	2.362627206538148e-01	2.546336538110944e-01	2.975434186651409e-01
260000	-7.771155714609195e+03	1.206874510043011e+00	2.016666911629593e-01	2.486204689570266e-01	2.364268782769244e-01	3.132859616030895e-01
261000	-7.745168619674716e+03	1.155171760390560e+00	1.933434873269674e-01	2.500989137072616e-01	2.408127751265990e-01	3.157448238391721e-01
262000	-7.767078176720583e+03	1.238726610177048e+00	2.002675034131777e-01	2.529434699878189e-01	2.439522987180983e-01	3.028367278809053e-01
263000	-7.757284276543613e+03	1.207911506686677e+00	2.004521418673046e-01	2.481423649925624e-01	2.522639473556823e-01	2.991415457844508e-01
264000	-7.755562019303825e+03	1.228859009699552e+00	1.954706841951103e-01	2.454940693414771e-01	2.487645233079333e-01	3.102707231554793e-01
265000	-7.770034696792237e+03	1.201585966281117e+00	2.039960378072469e-01	2.584930756504060e-01	2.416761685402625e-01	2.958347180020846e-01
266000	-7.770142939846528e+03	1.228173090691842e+00	2.039960378072469e-01	2.584930756504060e-01	2.474000125903920e-01	2.901108739519550e-01
267000	-7.783635979869343e+03	1.239758286461976e+00	1.899593619686685e-01	2.507540612480227e-01	2.540801039505995e-01	3.052064728327093e-01
268000	-7.768956436048758e+03	1.232445718432252e+00	1.977201595988683e-01	2.511971330722567e-01	2.586124182236429e-01	2.924702891052323e-01
269000	-7.785874965164591e+03	1.292612881102348e+00	2.064684416438887e-01	2.581691478961944e-01	2.396853176641626e-01	2.956770927957544e-01
270000	-7.782156110102083e+03	1.326563006803946e+00	1.886318413825834e-01	2.590145104090991e-01	2.555309772752897e-01	2.968226709330279e-01
271000	-7.756995762241075e+03	1.211216815035757e+00	2.046450383404348e-01	2.485220427240202e-01	2.600043168684965e-01	2.868286020670484e-01
272000	-7.765452536971497e+03	1.229979922683667e+00	1.960617560185263e-01	2.616873714589529e-01	2.532309976007055e-01	2.890198749218154e-01
273000	-7.747872709349339e+03	1.228720145642676e+00	1.972945332641911e-01	2.489281823021708e-01	2.686301783714741e-01	2.851471060621638e-01
274000	-7.768094146048236e+03	1.239767571536974e+00	1.883039472965193e-01	2.528133664057166e-01	2.564593651180348e-01	3.024233211797293e-01
275000	-7.766040418724547e+03	1.269744254317201e+00	1.967081150035835e-01	2.515077232203932e-01	2.574166782797949e-01	2.943674834962284e-01
276000	-7.755399184832766e+03	1.173060322055112e+00	2.079975845275871e-01	2.425653059709147e-01	2.616694658206401e-01	2.877676436808581e-01
277000	-7.761983559095850e+03	1.245613724664385e+00	1.962067503092554e-01	2.466212051650714e-01	2.567443109746720e-01	3.004277335510012e-01
278000	-7.740257660449296e+03	1.196467844754911e+00	2.096779130139710e-01	2.492019983774255e-01	2.696927931185525e-01	2.714272954900510e-01
279000	-7.734073023698417e+03	1.221123714964852e+00	2.021084124999485e-01	2.308768414005805e-01	2.536715480622945e-01	3.133431980371766e-01
280000	-7.738883224757161e+03	1.293736822626665e+00	1.946794669730482e-01	2.415042629280494e-01	2.811975087462431e-01	2.826187613526593e-01
281000	-7.746088131111283e+03	1.224579630390876e+00	2.019125332470129e-01	2.544692776225989e-01	2.460138935494759e-01	2.976042955809124e-01
282000	-7.745977768021544e+03	1.204312530630319e+00	2.048081346988156e-01	2.597064018149035e-01	2.385261316733814e-01	2.969593318128994e-01
283000	-7.772782829278613e+03	1.283636431277529e+00	1.980281783337548e-01	2.426316285527378e-01	2.507475195655784e-01	3.085926735479290e-01
284000	-7.750892525388841e+03	1.161660605879081e+00	1.840851095644203e-01	2.544270903399800e-01	2.572488621466091e-01	3.042389379489905e-01
285000	-7.759487815134626e+03	1.184851439955666e+00	2.069857624726227e-01	2.364396503940600e-01	2.625261983878884e-01	2.940483887454288e-01
