[ID: 5558898589]
Gen	LnL	TL	pi(A)	pi(C)	pi(G)	pi(T)
0	-1.805673150833772e+04	2.349999999999994e+00	2.500000000000000e-01	2.500000000000000e-01	2.500000000000000e-01	2.500000000000000e-01
1000	-1.278600165847694e+04	1.696968504529778e+00	2.079312678756879e-01	2.530213574757930e-01	2.495831140795580e-01	2.894642605689611e-01
2000	-1.100617718874322e+04	1.475225846338748e+00	2.079312678756879e-01	2.530213574757930e-01	2.495831140795580e-01	2.894642605689611e-01
3000	-9.673660997115379e+03	1.304285118002078e+00	2.017608966401710e-01	2.554826992737958e-01	2.426808666593543e-01	3.000755374266789e-01
4000	-9.046201204013070e+03	1.155349985787069e+00	2.066227044729462e-01	2.440325093192513e-01	2.533572366931779e-01	2.959875495146245e-01
5000	-8.554610428441505e+03	1.218049440709702e+00	2.078820749052934e-01	2.440325093192513e-01	2.520978662608307e-01	2.959875495146245e-01
6000	-8.381996874604753e+03	1.191646584479189e+00	2.038231509301274e-01	2.635953517591655e-01	2.365599418546250e-01	2.960215554560821e-01
7000	-8.305375817689355e+03	1.253061826497715e+00	2.052503046338219e-01	2.491224891767906e-01	2.463461928085039e-01	2.992810133808835e-01
8000	-8.106335855499117e+03	1.222313580542711e+00	1.970506388226165e-01	2.545566558720639e-01	2.340092483709248e-01	3.143834569343950e-01
9000	-7.987535444264753e+03	1.182136707834429e+00	1.986044402185877e-01	2.471601463269403e-01	2.440633626603054e-01	3.101720507941665e-01
10000	-7.897826179615653e+03	1.261461108338799e+00	2.028680045019330e-01	2.626406442122322e-01	2.483525453522875e-01	2.861388059335473e-01
11000	-7.883112759859093e+03	1.238896732068246e+00	2.032263586682629e-01	2.315647146205212e-01	2.542591324870876e-01	3.109497942241283e-01
12000	-7.836908748413253e+03	1.250159210588735e+00	1.918238947107842e-01	2.481763070518871e-01	2.548555654857668e-01	3.051442327515619e-01
13000	-7.843529636280361e+03	1.242831382210561e+00	1.918238947107842e-01	2.481763070518871e-01	2.548555654857668e-01	3.051442327515619e-01
14000	-7.821748512845786e+03	1.185810412561870e+00	1.887668688143329e-01	2.648486201584914e-01	2.574260952390353e-01	2.889584157881405e-01
15000	-7.809955040004510e+03	1.180128738286244e+00	1.968897149591836e-01	2.542997066808207e-01	2.577488290422020e-01	2.910617493177936e-01
16000	-7.809285441407584e+03	1.227099313566495e+00	1.968897149591836e-01	2.542997066808207e-01	2.577488290422020e-01	2.910617493177936e-01
17000	-7.783270187293107e+03	1.239419531940659e+00	1.917394270770480e-01	2.674048942295276e-01	2.474141404277622e-01	2.934415382656621e-01
18000	-7.787743868923118e+03	1.181001827404658e+00	1.996421004245077e-01	2.674048942295276e-01	2.395114670803025e-01	2.934415382656621e-01
19000	-7.791326898244279e+03	1.162595672056516e+00	2.057580451935592e-01	2.606457434243261e-01	2.589253954959307e-01	2.746708158861840e-01
20000	-7.763935033173297e+03	1.213435802940389e+00	2.057580451935592e-01	2.542872038172215e-01	2.497304954429064e-01	2.902242555463128e-01
21000	-7.781233708283787e+03	1.243954539399887e+00	1.960461740266869e-01	2.639990749840937e-01	2.416026549859401e-01	2.983520960032791e-01
22000	-7.786077043135495e+03	1.214251157456325e+00	1.897317386718970e-01	2.617669826438976e-01	2.489872926191445e-01	2.995139860650610e-01
23000	-7.798700589594717e+03	1.265258432107952e+00	1.875318394403183e-01	2.478545326304163e-01	2.544073712322932e-01	3.102062566969723e-01
24000	-7.778304996228650e+03	1.211286124619251e+00	2.072156593013910e-01	2.393092346801221e-01	2.498309625123279e-01	3.036441435061590e-01
25000	-7.789328158320614e+03	1.191319519105015e+00	2.007378481481100e-01	2.345063264947722e-01	2.567767557419273e-01	3.079790696151904e-01
26000	-7.783154835970581e+03	1.234963435778396e+00	1.991052314467170e-01	2.366054017030475e-01	2.603247651100008e-01	3.039646017402346e-01
27000	-7.787056075933097e+03	1.258374874759076e+00	2.049076327889431e-01	2.437452757271331e-01	2.379893901000349e-01	3.133577013838889e-01
28000	-7.780758581339624e+03	1.195942540764104e+00	1.823031715131355e-01	2.565993940116907e-01	2.467528066825464e-01	3.143446277926274e-01
29000	-7.771847627253677e+03	1.232053814699409e+00	2.012660686726609e-01	2.591323634109347e-01	2.451412207225660e-01	2.944603471938386e-01
30000	-7.786248437179576e+03	1.295686378208525e+00	2.012171711581031e-01	2.644903461724582e-01	2.452045931850974e-01	2.890878894843414e-01
31000	-7.766253620986215e+03	1.238293030379130e+00	2.010047509646606e-01	2.533198871046948e-01	2.489645852332449e-01	2.967107766973997e-01
32000	-7.758535619682593e+03	1.201149592326384e+00	1.942527993895235e-01	2.533131482233196e-01	2.472027863768559e-01	3.052312660103010e-01
33000	-7.743670674815517e+03	1.133099784771717e+00	2.211317967183682e-01	2.596555226306265e-01	2.289970434256237e-01	2.902156372253816e-01
34000	-7.772700366296398e+03	1.248943934063896e+00	2.113436002042731e-01	2.370564267964179e-01	2.603047393281045e-01	2.912952336712045e-01
35000	-7.761972415406872e+03	1.206233965819782e+00	1.898288577231379e-01	2.498829958003136e-01	2.539579186522617e-01	3.063302278242868e-01
36000	-7.742107619036607e+03	1.174799408657893e+00	1.960712015085053e-01	2.470942812549790e-01	2.331641599677972e-01	3.236703572687186e-01
37000	-7.755879422327347e+03	1.168883834412116e+00	2.023200212950142e-01	2.531530137817073e-01	2.261399953018485e-01	3.183869696214301e-01
38000	-7.761370196842514e+03	1.184021180671416e+00	2.034376513914269e-01	2.591835670980863e-01	2.443089763764876e-01	2.930698051339993e-01
39000	-7.768165559998198e+03	1.245469434539252e+00	1.921768454869572e-01	2.627152708775206e-01	2.483604308725039e-01	2.967474527630184e-01
40000	-7.778300559974301e+03	1.245603098678044e+00	1.949680559806013e-01	2.604884005541667e-01	2.597851475224536e-01	2.847583959427784e-01
41000	-7.761082179700663e+03	1.291581209495741e+00	2.093462019539571e-01	2.445275326177822e-01	2.528602407449438e-01	2.932660246833168e-01
42000	-7.742307874982440e+03	1.228012055425859e+00	2.006657549466320e-01	2.607470621258748e-01	2.501744372580679e-01	2.884127456694253e-01
43000	-7.748807991717142e+03	1.166441834518653e+00	2.058302469103940e-01	2.523945070141406e-01	2.455681552111600e-01	2.962070908643055e-01
44000	-7.779535519945189e+03	1.232980649472059e+00	2.059793001314366e-01	2.523945070141406e-01	2.455681552111600e-01	2.960580376432629e-01
45000	-7.750605746992196e+03	1.187933090889762e+00	2.016073294096628e-01	2.523945070141406e-01	2.609600233588223e-01	2.850381402173744e-01
46000	-7.774799581085214e+03	1.260710367904347e+00	1.856957960666607e-01	2.578103241861122e-01	2.675240875585689e-01	2.889697921886581e-01
47000	-7.763171470813101e+03	1.195913664856187e+00	1.914592301790746e-01	2.515344081400078e-01	2.357095108595893e-01	3.212968508213283e-01
48000	-7.763987242313793e+03	1.150705063147420e+00	1.981796982525513e-01	2.528968755066716e-01	2.484106702123916e-01	3.005127560283855e-01
49000	-7.766406011438263e+03	1.252412974154330e+00	2.065204676279414e-01	2.622163125857211e-01	2.558626464960052e-01	2.754005732903323e-01
50000	-7.758965441980856e+03	1.234906769413681e+00	2.047095353178126e-01	2.289858601795796e-01	2.625060975691259e-01	3.037985069334818e-01
51000	-7.763066059270814e+03	1.203661804080378e+00	2.091961827437639e-01	2.515661135836683e-01	2.481028431594769e-01	2.911348605130907e-01
52000	-7.771383182941093e+03	1.214493589563217e+00	1.916823686903820e-01	2.628274926889274e-01	2.482093338822781e-01	2.972808047384125e-01
53000	-7.783148240045607e+03	1.154196421704821e+00	1.916823686903820e-01	2.628274926889274e-01	2.467458365819200e-01	2.987443020387706e-01
54000	-7.763825678089762e+03	1.191749564049019e+00	2.006541927361691e-01	2.560095114855940e-01	2.311961247861332e-01	3.121401709921038e-01
55000	-7.751970353144674e+03	1.192518513093334e+00	1.809649612945707e-01	2.601312784836222e-01	2.665642064319866e-01	2.923395537898205e-01
56000	-7.751403922893616e+03	1.147707277708007e+00	1.942454422167891e-01	2.584119318735726e-01	2.550030721198177e-01	2.923395537898205e-01
57000	-7.772502012463192e+03	1.268893022533576e+00	2.036228024456630e-01	2.490345716446987e-01	2.550030721198177e-01	2.923395537898205e-01
58000	-7.772159353628540e+03	1.224326496357271e+00	2.036228024456630e-01	2.490345716446987e-01	2.511424330915748e-01	2.962001928180633e-01
59000	-7.760970285042089e+03	1.259045909514443e+00	1.958009708859769e-01	2.593677410243895e-01	2.585173932983509e-01	2.863138947912827e-01
60000	-7.770420199929773e+03	1.266623658306890e+00	1.975958194350541e-01	2.533103713389091e-01	2.496839775049293e-01	2.994098317211075e-01
61000	-7.756513176245433e+03	1.235978596242861e+00	1.951114808560973e-01	2.527147141513507e-01	2.598268472682472e-01	2.923469577243046e-01
62000	-7.732996568466051e+03	1.179204629465022e+00	2.002445571878501e-01	2.495828570081725e-01	2.570701386525093e-01	2.931024471514682e-01
63000	-7.754823813245888e+03	1.251352637223832e+00	2.054289182392454e-01	2.509193985488211e-01	2.507685806652454e-01	2.928831025466880e-01
64000	-7.768773206811957e+03	1.253756126846029e+00	1.996279583298813e-01	2.511469957753545e-01	2.381214491822599e-01	3.111035967125041e-01
65000	-7.755588831655976e+03	1.241906882345922e+00	1.932974111191711e-01	2.607806652408293e-01	2.502934078377662e-01	2.956285158022334e-01
66000	-7.760546296487093e+03	1.241369788501624e+00	2.063729389581298e-01	2.622221740934197e-01	2.516535363152053e-01	2.797513506332452e-01
67000	-7.756700805554188e+03	1.247218618541950e+00	2.077805196188083e-01	2.568561345502906e-01	2.513542383951141e-01	2.840091074357869e-01
68000	-7.754339032420018e+03	1.260442153053581e+00	1.872417358109952e-01	2.625063423312554e-01	2.674985482507484e-01	2.827533736070011e-01
69000	-7.757963603561790e+03	1.203583631809353e+00	1.854342428370456e-01	2.615588606047124e-01	2.622115353302623e-01	2.907953612279799e-01
70000	-7.760626668244709e+03	1.267533802311424e+00	2.024671301293911e-01	2.577141678364546e-01	2.605891744858766e-01	2.792295275482777e-01
71000	-7.779870563341636e+03	1.265534630983182e+00	1.995731366713804e-01	2.264808410232206e-01	2.640474062676336e-01	3.098986160377655e-01
72000	-7.780292231123737e+03	1.213311712689496e+00	2.006894856932797e-01	2.533795619575105e-01	2.574692728016401e-01	2.884616795475698e-01
73000	-7.771866146026201e+03	1.161518617424199e+00	2.120440285597852e-01	2.503324512236608e-01	2.376131299157918e-01	3.000103903007623e-01
74000	-7.774583131834093e+03	1.195973221946058e+00	1.945634993631377e-01	2.601713258389003e-01	2.412267348872243e-01	3.040384399107378e-01
75000	-7.778421219920971e+03	1.245864884898146e+00	2.053870557157417e-01	2.466557809232123e-01	2.592735971468926e-01	2.886835662141533e-01
76000	-7.769538813572950e+03	1.173784937484537e+00	2.004986966078672e-01	2.625809717010872e-01	2.519312210083029e-01	2.849891106827428e-01
77000	-7.778802078699789e+03	1.244487511054467e+00	1.981929580737027e-01	2.375909147165146e-01	2.511580662242243e-01	3.130580609855583e-01
78000	-7.748326375672725e+03	1.208742328964892e+00	2.107258396335314e-01	2.418713848494472e-01	2.479210063053729e-01	2.994817692116486e-01
79000	-7.746185715331193e+03	1.180945390754653e+00	1.939862226395487e-01	2.564057540178202e-01	2.417411354492103e-01	3.078668878934208e-01
80000	-7.752018504238275e+03	1.183295532265481e+00	2.060306816416357e-01	2.594004429166807e-01	2.476875756553965e-01	2.868812997862871e-01
81000	-7.779764011257026e+03	1.231805441678687e+00	2.066676659943046e-01	2.570661928612923e-01	2.502797887783458e-01	2.859863523660572e-01
82000	-7.769576968466924e+03	1.216459512348945e+00	2.009762320981014e-01	2.604271524258744e-01	2.309466261851168e-01	3.076499892909075e-01
83000	-7.768387675913220e+03	1.224387130040907e+00	1.939650894438394e-01	2.709772746249124e-01	2.477906250929702e-01	2.872670108382779e-01
84000	-7.769418712977806e+03	1.198907176747811e+00	2.014973637666766e-01	2.374563734544594e-01	2.563896628201892e-01	3.046565999586749e-01
85000	-7.765907836986205e+03	1.213139211152395e+00	1.987362471357890e-01	2.522965167901702e-01	2.582521528675980e-01	2.907150832064430e-01
86000	-7.756667259412790e+03	1.202979739722719e+00	2.055697963473050e-01	2.451647016835217e-01	2.506153842254109e-01	2.986501177437624e-01
87000	-7.769265256407036e+03	1.238160777400463e+00	2.071436294494312e-01	2.472049396145071e-01	2.429865150669038e-01	3.026649158691579e-01
88000	-7.756070477449632e+03	1.187343070902075e+00	2.024917769640787e-01	2.554641655216715e-01	2.490864730878179e-01	2.929575844264320e-01
89000	-7.754874161609198e+03	1.208681626603360e+00	1.940292905401617e-01	2.581583315587676e-01	2.504110544572154e-01	2.974013234438553e-01
90000	-7.769803486709952e+03	1.267237625132847e+00	2.067129880145532e-01	2.403738005124677e-01	2.551889671297832e-01	2.977242443431958e-01
91000	-7.759443059789355e+03	1.176657434860449e+00	1.940292905401617e-01	2.581583315587676e-01	2.504110544572154e-01	2.974013234438553e-01
92000	-7.762470979932534e+03	1.190914904431681e+00	1.922084575001809e-01	2.570142913164172e-01	2.739962878568111e-01	2.767809633265907e-01
93000	-7.752493565297071e+03	1.167190344930755e+00	1.932734420937743e-01	2.733716979976299e-01	2.486825654949032e-01	2.846722944136926e-01
94000	-7.748179267551905e+03	1.185812905061140e+00	1.871444099487876e-01	2.501982916749060e-01	2.594098701523501e-01	3.032474282239563e-01
95000	-7.752828782871680e+03	1.171837805425689e+00	1.871444099487876e-01	2.501982916749060e-01	2.594098701523501e-01	3.032474282239563e-01
96000	-7.772089102271976e+03	1.198743391056555e+00	1.871444099487876e-01	2.629104314753288e-01	2.466977303519273e-01	3.032474282239563e-01
97000	-7.754713309182594e+03	1.180516326824258e+00	1.996476420551105e-01	2.453391349681554e-01	2.595548607530782e-01	2.954583622236560e-01
98000	-7.758900644437646e+03	1.191954836845327e+00	2.088944187728342e-01	2.434498746915034e-01	2.476485845988861e-01	3.000071219367763e-01
99000	-7.758305775569344e+03	1.211122907936783e+00	1.894250224797868e-01	2.632788969867119e-01	2.459606967868667e-01	3.013353837466345e-01
100000	-7.759121259060613e+03	1.162206556999376e+00	1.777819387535833e-01	2.471460496942841e-01	2.812163099462460e-01	2.938557016058866e-01
101000	-7.759052574985536e+03	1.197910037159248e+00	1.988472365557688e-01	2.513507042705974e-01	2.478008191578489e-01	3.020012400157849e-01
102000	-7.773259996827843e+03	1.240281840175918e+00	2.020561485755349e-01	2.495613802616108e-01	2.543589067806553e-01	2.940235643821990e-01
103000	-7.753687267602104e+03	1.160604438329117e+00	1.918284549596932e-01	2.499843017822275e-01	2.506078637811879e-01	3.075793794768915e-01
104000	-7.765459123884546e+03	1.226724129274178e+00	1.939761532005213e-01	2.486509262445751e-01	2.564675026492670e-01	3.009054179056366e-01
105000	-7.783817461843432e+03	1.238306876046210e+00	1.934878632875972e-01	2.511991253964579e-01	2.499101518177456e-01	3.054028594981995e-01
106000	-7.774119689263462e+03	1.215033474224082e+00	1.949347171148152e-01	2.510053954943637e-01	2.424148113964337e-01	3.116450759943873e-01
107000	-7.768996257536805e+03	1.203618815390106e+00	2.010400884216493e-01	2.361588445432997e-01	2.531772865866834e-01	3.096237804483676e-01
108000	-7.771329999074927e+03	1.184254021610102e+00	2.085573239676704e-01	2.520778052305746e-01	2.460473242640487e-01	2.933175465377063e-01
109000	-7.771009182118371e+03	1.173912991271506e+00	2.098849521051381e-01	2.417759858949444e-01	2.464527373107865e-01	3.018863246891311e-01
110000	-7.784892830784072e+03	1.226406830669185e+00	1.963579951183555e-01	2.681230284690475e-01	2.447151429506401e-01	2.908038334619570e-01
111000	-7.788849309413764e+03	1.225537987251903e+00	2.019752921769369e-01	2.501375587461137e-01	2.610284538786353e-01	2.868586951983142e-01
112000	-7.779329612186225e+03	1.213328085977538e+00	2.019752921769369e-01	2.490914272623939e-01	2.523183624630771e-01	2.966149180975921e-01
113000	-7.773657468415865e+03	1.296804785739110e+00	1.943023238538645e-01	2.529970168932842e-01	2.523183624630771e-01	3.003822967897742e-01
114000	-7.758570623580854e+03	1.241704610049976e+00	2.014627925559461e-01	2.552074847511054e-01	2.535370237391435e-01	2.897926989538050e-01
115000	-7.764998907217989e+03	1.236398910747279e+00	2.093916264794833e-01	2.581684928962002e-01	2.409415192649266e-01	2.914983613593898e-01
116000	-7.746757149310016e+03	1.255972806972392e+00	2.023749800751592e-01	2.562083548969037e-01	2.448952279986402e-01	2.965214370292968e-01
117000	-7.745230612644974e+03	1.198140933773382e+00	1.913861096301578e-01	2.713772223181150e-01	2.585012018153802e-01	2.787354662363470e-01
118000	-7.742553582038474e+03	1.175040370337636e+00	1.959962608028538e-01	2.528980825272988e-01	2.323673792750607e-01	3.187382773947867e-01
119000	-7.742056102072410e+03	1.298867408156043e+00	1.909000850562302e-01	2.401454430876612e-01	2.563938410872463e-01	3.125606307688623e-01
120000	-7.748888111008393e+03	1.252681156250506e+00	2.056669759733708e-01	2.617752399344253e-01	2.426192498269037e-01	2.899385342653000e-01
121000	-7.749497065375203e+03	1.256063576431567e+00	2.001527573047685e-01	2.527466254233073e-01	2.575888859430597e-01	2.895117313288643e-01
122000	-7.755237845806390e+03	1.199518768618516e+00	2.045858014909589e-01	2.425480568104781e-01	2.454533642423866e-01	3.074127774561765e-01
123000	-7.761949914174538e+03	1.198939466323930e+00	2.024925949050977e-01	2.474226986502017e-01	2.501656587421641e-01	2.999190477025365e-01
124000	-7.768075983551646e+03	1.252851012369822e+00	1.995577532055598e-01	2.503579904033716e-01	2.524108845824576e-01	2.976733718086110e-01
125000	-7.737671970836235e+03	1.188429277009441e+00	2.127589263977124e-01	2.506580070813858e-01	2.389096947122908e-01	2.976733718086110e-01
126000	-7.744005334771015e+03	1.189112892474184e+00	2.035980933408804e-01	2.466411439950918e-01	2.475167717637804e-01	3.022439909002473e-01
127000	-7.732126030201137e+03	1.236054150929225e+00	1.923533490643125e-01	2.491738130759313e-01	2.465546721636994e-01	3.119181656960568e-01
128000	-7.729150030743075e+03	1.204143308091642e+00	1.973501978093563e-01	2.524413158557438e-01	2.535796253133096e-01	2.966288610215903e-01
129000	-7.754842384734814e+03	1.226384865051203e+00	1.877569799996434e-01	2.457999096614487e-01	2.683846319621353e-01	2.980584783767725e-01
130000	-7.753618189710978e+03	1.193408812525746e+00	2.036041348783491e-01	2.506925173631078e-01	2.472405709706382e-01	2.984627767879049e-01
131000	-7.745831127388990e+03	1.199538027873377e+00	2.036041348783491e-01	2.506925173631078e-01	2.585075079996311e-01	2.871958397589121e-01
132000	-7.755707904233075e+03	1.171173991047397e+00	1.996956253575161e-01	2.467673265008510e-01	2.442647520927206e-01	3.092722960489123e-01
133000	-7.757594230349604e+03	1.195638110546577e+00	1.829984094735700e-01	2.521760152281394e-01	2.510900557818262e-01	3.137355195164643e-01
134000	-7.770910492924218e+03	1.281320375748356e+00	1.958046222414455e-01	2.569611383731770e-01	2.516375175829415e-01	2.955967218024359e-01
135000	-7.753970898140306e+03	1.207523349026038e+00	1.842815760489291e-01	2.566144927404176e-01	2.516375175829415e-01	3.074664136277118e-01
136000	-7.769039409350833e+03	1.206386144814309e+00	2.065794175465614e-01	2.406181103325341e-01	2.591025148774710e-01	2.936999572434335e-01
137000	-7.795269988958742e+03	1.224970536014118e+00	1.918078527368476e-01	2.626120358842055e-01	2.546326197736113e-01	2.909474916053356e-01
138000	-7.772539489273072e+03	1.157628076891007e+00	1.953451362527000e-01	2.395954306516303e-01	2.792068942835818e-01	2.858525388120879e-01
139000	-7.772207745569272e+03	1.201830486474972e+00	2.091121894573565e-01	2.311988889293638e-01	2.467338540388802e-01	3.129550675743996e-01
140000	-7.771712012394374e+03	1.171618946368058e+00	2.152514209214038e-01	2.436288076242799e-01	2.451721913090947e-01	2.959475801452216e-01
141000	-7.770549087607461e+03	1.197626914383672e+00	1.939475705548656e-01	2.563128713991211e-01	2.616134564853230e-01	2.881261015606904e-01
142000	-7.769141638420264e+03	1.183204323565506e+00	1.972273252351159e-01	2.553356089571599e-01	2.549302560850060e-01	2.925068097227181e-01
143000	-7.787223309206055e+03	1.214312688786852e+00	1.931533780220047e-01	2.758863732485976e-01	2.231346229926991e-01	3.078256257366985e-01
144000	-7.773921151645156e+03	1.214688310501820e+00	1.858731485139739e-01	2.329424583677994e-01	2.689268258011166e-01	3.122575673171102e-01
145000	-7.785002990224501e+03	1.273256502514114e+00	2.097922839989940e-01	2.461389619904309e-01	2.508272094310885e-01	2.932415445794866e-01
146000	-7.775495163478847e+03	1.143354768783739e+00	1.787017661350325e-01	2.557515087232811e-01	2.743297223277204e-01	2.912170028139660e-01
147000	-7.758355282885768e+03	1.192070730927691e+00	2.051359040360918e-01	2.466160870707461e-01	2.524146226319479e-01	2.958333862612142e-01
148000	-7.776632005551369e+03	1.201933377573614e+00	1.812548400739057e-01	2.580490571269525e-01	2.556553464407713e-01	3.050407563583706e-01
149000	-7.784123434569969e+03	1.202672968570601e+00	2.037363477207774e-01	2.606401716947448e-01	2.436827480704432e-01	2.919407325140346e-01
150000	-7.771736565507270e+03	1.214143066309954e+00	1.888409533667729e-01	2.523810822617071e-01	2.680330892015489e-01	2.907448751699712e-01
151000	-7.763174371699517e+03	1.203712805066975e+00	1.848472805414540e-01	2.547760338395991e-01	2.676170334571292e-01	2.927596521618177e-01
152000	-7.766797885222014e+03	1.215815926104556e+00	2.020134016220950e-01	2.576583858173117e-01	2.520799992105904e-01	2.882482133500029e-01
153000	-7.776031358521679e+03	1.234157516330100e+00	1.910204993467001e-01	2.457713630132277e-01	2.540810393289697e-01	3.091270983111027e-01
154000	-7.775601047611771e+03	1.195131903262184e+00	2.032219988925175e-01	2.543639233920605e-01	2.416797543045259e-01	3.007343234108962e-01
155000	-7.775491465007781e+03	1.147658291900379e+00	2.034001501257728e-01	2.506819304257221e-01	2.619562947446110e-01	2.839616247038939e-01
156000	-7.797202455480549e+03	1.176452161356902e+00	1.999662374958370e-01	2.437459906719734e-01	2.591917358178560e-01	2.970960360143337e-01
157000	-7.780045969768677e+03	1.217170180907521e+00	2.014657696883607e-01	2.485683518285968e-01	2.447952229183608e-01	3.051706555646817e-01
158000	-7.779606218191012e+03	1.232890861098480e+00	1.976268016914967e-01	2.649756309076126e-01	2.467643630627514e-01	2.906332043381393e-01
159000	-7.759844528544712e+03	1.181391976020045e+00	2.045096334792876e-01	2.555013522179895e-01	2.444485628801997e-01	2.955404514225231e-01
160000	-7.764763121968089e+03	1.203871948166895e+00	2.069723295296449e-01	2.442613877234347e-01	2.444485628801997e-01	3.043177198667206e-01
161000	-7.762722876034287e+03	1.178109994957470e+00	2.026188399219517e-01	2.499141968657334e-01	2.571377319928602e-01	2.903292312194548e-01
162000	-7.759135707394701e+03	1.172366724706220e+00	2.027136854412315e-01	2.610592048737689e-01	2.458978784655449e-01	2.903292312194548e-01
163000	-7.767180655529372e+03	1.157744637254041e+00	1.973778251407217e-01	2.619814561476769e-01	2.519456486514719e-01	2.886950700601296e-01
164000	-7.774206473767294e+03	1.186161918836058e+00	2.056420364661689e-01	2.495992617551006e-01	2.463567029176826e-01	2.984019988610478e-01
165000	-7.758358708199204e+03	1.154298158855145e+00	2.056420364661689e-01	2.495992617551006e-01	2.463567029176826e-01	2.984019988610478e-01
166000	-7.748662119422656e+03	1.157732469348372e+00	1.960270608520820e-01	2.612391954102289e-01	2.600399742430540e-01	2.826937694946352e-01
167000	-7.759325572084332e+03	1.126902397942221e+00	2.068717228368540e-01	2.571683846611232e-01	2.278115668909797e-01	3.081483256110431e-01
168000	-7.762453799563177e+03	1.247907486169446e+00	2.032578820102561e-01	2.478926281353704e-01	2.621048141909957e-01	2.867446756633779e-01
169000	-7.763690809528457e+03	1.281586410444770e+00	1.965527513922544e-01	2.545977587533721e-01	2.621048141909957e-01	2.867446756633779e-01
170000	-7.753037937045020e+03	1.223759428679775e+00	2.069925344021737e-01	2.527574142387139e-01	2.397485410823777e-01	3.005015102767346e-01
171000	-7.725417257293491e+03	1.169887469398031e+00	2.010974118774676e-01	2.699084439704496e-01	2.441593570145703e-01	2.848347871375126e-01
172000	-7.763256353716834e+03	1.236611556185228e+00	2.114132033057944e-01	2.461920497096651e-01	2.422659683020221e-01	3.001287786825185e-01
173000	-7.766313254148811e+03	1.220958268569289e+00	1.991399386455757e-01	2.493998666286918e-01	2.589009206379451e-01	2.925592740877874e-01
174000	-7.760111200628116e+03	1.178370313767511e+00	1.900293838719818e-01	2.521483348446934e-01	2.528096734732169e-01	3.050126078101080e-01
175000	-7.758874380914992e+03	1.150226752512154e+00	2.000809414753161e-01	2.440781541839895e-01	2.589783557682097e-01	2.968625485724846e-01
176000	-7.765156783961353e+03	1.228020609767907e+00	1.893320305226427e-01	2.542299957052440e-01	2.493017584065559e-01	3.071362153655572e-01
177000	-7.771788510109707e+03	1.224011895422255e+00	1.966812279173242e-01	2.507615712009595e-01	2.560248175723533e-01	2.965323833093630e-01
178000	-7.764703486115904e+03	1.204627304852453e+00	2.100211998726387e-01	2.368408548513716e-01	2.557087855421872e-01	2.974291597338024e-01
179000	-7.773325603819459e+03	1.209227870191873e+00	2.049134592429865e-01	2.448998155125143e-01	2.608165261718395e-01	2.893701990726597e-01
180000	-7.772823162654051e+03	1.187557838234902e+00	1.951750566250745e-01	2.403501932445117e-01	2.615454495579113e-01	3.029293005725024e-01
181000	-7.765077286925471e+03	1.158100209249573e+00	1.973514717707867e-01	2.458322549371433e-01	2.580275590983728e-01	2.987887141936971e-01
182000	-7.759802297175105e+03	1.202810017644301e+00	2.018146787711258e-01	2.514911779545020e-01	2.425595558361602e-01	3.041345874382120e-01
183000	-7.774607659605301e+03	1.207804411636827e+00	2.029356653070224e-01	2.514911779545020e-01	2.425595558361602e-01	3.030136009023154e-01
184000	-7.771243970713433e+03	1.223259203865237e+00	2.026059716441312e-01	2.569960869124135e-01	2.445550198390568e-01	2.958429216043983e-01
185000	-7.745536619627607e+03	1.144686300510007e+00	2.048994125389770e-01	2.593912189696945e-01	2.429586382664717e-01	2.927507302248568e-01
186000	-7.745670701258735e+03	1.215012629173359e+00	1.953239922045327e-01	2.578410587194188e-01	2.498678479792869e-01	2.969671010967615e-01
187000	-7.738169805403378e+03	1.204798768327611e+00	1.956764265717264e-01	2.578410587194188e-01	2.495154136120933e-01	2.969671010967615e-01
188000	-7.751408539635973e+03	1.211787058014116e+00	2.051907585673974e-01	2.562769539203268e-01	2.572647084303811e-01	2.812675790818946e-01
189000	-7.727810741201814e+03	1.173705515706615e+00	1.813904643903251e-01	2.578481431952055e-01	2.519603496249005e-01	3.088010427895689e-01
190000	-7.742106147552111e+03	1.209196434923014e+00	1.929444014160626e-01	2.380945786681708e-01	2.595428971199054e-01	3.094181227958613e-01
191000	-7.762674445800864e+03	1.239846714653036e+00	2.003848499395003e-01	2.402048482792914e-01	2.655931228100331e-01	2.938171789711752e-01
192000	-7.769881811190906e+03	1.256983698875265e+00	2.028235400001902e-01	2.371813557217035e-01	2.514056243142849e-01	3.085894799638214e-01
193000	-7.762292963237123e+03	1.259540342018349e+00	2.028235400001902e-01	2.515778755320307e-01	2.457855855027747e-01	2.998129989650044e-01
194000	-7.753666901267660e+03	1.148011100458577e+00	1.957367543234705e-01	2.705078699177456e-01	2.382609710107279e-01	2.954944047480559e-01
195000	-7.765190722788871e+03	1.173001728618669e+00	1.908178663669313e-01	2.561934101915410e-01	2.565977795799638e-01	2.963909438615639e-01
196000	-7.746000314048300e+03	1.164457379402603e+00	2.086215112141662e-01	2.452909614568103e-01	2.433166062997855e-01	3.027709210292379e-01
197000	-7.740927747089380e+03	1.178567509460691e+00	1.940677684983124e-01	2.646840031732995e-01	2.469424143150324e-01	2.943058140133558e-01
198000	-7.751392081752821e+03	1.176345225059257e+00	2.081327012493110e-01	2.449673791905282e-01	2.614913175199629e-01	2.854086020401979e-01
199000	-7.737914090373509e+03	1.164505997612324e+00	2.013716531632219e-01	2.496460171134412e-01	2.480401856324084e-01	3.009421440909284e-01
200000	-7.760992584240993e+03	1.244502226270096e+00	2.112626929302826e-01	2.613921929833296e-01	2.437446078023896e-01	2.836005062839981e-01
201000	-7.758796173389037e+03	1.230399621855960e+00	1.829897210161382e-01	2.489580875948509e-01	2.614608529992934e-01	3.065913383897175e-01
202000	-7.763990408551974e+03	1.295137437183167e+00	1.952671649683337e-01	2.489241587055804e-01	2.441457038567068e-01	3.116629724693791e-01
203000	-7.759305350718867e+03	1.281735537124798e+00	1.907583852204559e-01	2.459962806077937e-01	2.576175532603158e-01	3.056277809114345e-01
204000	-7.748029326695181e+03	1.224170353804221e+00	2.058184275906723e-01	2.500993322462617e-01	2.533358627736429e-01	2.907463773894230e-01
205000	-7.759302663855005e+03	1.358963394770766e+00	2.083191009137326e-01	2.517843421059309e-01	2.574059372536500e-01	2.824906197266866e-01
206000	-7.734013821187624e+03	1.263085807762345e+00	1.824959218124464e-01	2.627362491554194e-01	2.442199886034782e-01	3.105478404286560e-01
207000	-7.736207532093948e+03	1.237574239924666e+00	2.061317764486224e-01	2.514990545169927e-01	2.442199886034782e-01	2.981491804309065e-01
208000	-7.737187439505419e+03	1.215169088141878e+00	1.912083310308043e-01	2.652819787533029e-01	2.412223675167789e-01	3.022873226991140e-01
209000	-7.741315284062746e+03	1.239452168484260e+00	1.860302485602001e-01	2.472431530350105e-01	2.608563990233992e-01	3.058701993813902e-01
210000	-7.741000056563719e+03	1.244846822858989e+00	1.887885959656419e-01	2.505555495145779e-01	2.421016733686488e-01	3.185541811511315e-01
211000	-7.741033211998106e+03	1.236394721838709e+00	2.060505428054556e-01	2.479950128053962e-01	2.649831521277791e-01	2.809712922613692e-01
212000	-7.739988191210399e+03	1.227279410272756e+00	2.089641764455172e-01	2.510156709963165e-01	2.375937080498516e-01	3.024264445083147e-01
213000	-7.743410495586098e+03	1.226234755348314e+00	1.954567058939298e-01	2.540555049143516e-01	2.468332391533313e-01	3.036545500383871e-01
214000	-7.746019933087851e+03	1.269081499403538e+00	1.977949483705318e-01	2.489145241128865e-01	2.491306314401913e-01	3.041598960763905e-01
215000	-7.725104815975675e+03	1.148039374764890e+00	1.949579312347919e-01	2.585055908225184e-01	2.516700305997869e-01	2.948664473429029e-01
216000	-7.752387559641185e+03	1.200856561741665e+00	2.054555502377197e-01	2.510449271023303e-01	2.506213229561335e-01	2.928781997038165e-01
217000	-7.746336235487418e+03	1.248988113772702e+00	2.055167372009363e-01	2.431807659090063e-01	2.463721024273000e-01	3.049303944627574e-01
218000	-7.738650274731771e+03	1.184783529368576e+00	2.068353216514191e-01	2.286849462310700e-01	2.703039698980435e-01	2.941757622194674e-01
219000	-7.732498213211347e+03	1.207389850256696e+00	2.012388309014326e-01	2.442770449326712e-01	2.551435481806596e-01	2.993405759852367e-01
220000	-7.738008186416186e+03	1.222652543987134e+00	2.039449801453450e-01	2.518816180445599e-01	2.529321648238617e-01	2.912412369862334e-01
221000	-7.744253699814163e+03	1.234930278226714e+00	2.018737670790067e-01	2.524655566073621e-01	2.671398334376500e-01	2.785208428759813e-01
222000	-7.746290842279731e+03	1.221899000871332e+00	2.034550140706570e-01	2.765576405652929e-01	2.466655581874809e-01	2.733217871765691e-01
223000	-7.753449897023627e+03	1.182751549399884e+00	1.939331115653266e-01	2.497457444819623e-01	2.682957389561306e-01	2.880254049965806e-01
224000	-7.742153485731964e+03	1.175628384111274e+00	1.939331115653266e-01	2.497457444819623e-01	2.682957389561306e-01	2.880254049965806e-01
225000	-7.761594183113652e+03	1.174792353604103e+00	1.854295713294057e-01	2.610636444007928e-01	2.416074925688803e-01	3.118992917009211e-01
226000	-7.761396132021841e+03	1.245956552277448e+00	2.052769139414896e-01	2.523956143870865e-01	2.552044726361445e-01	2.871229990352793e-01
227000	-7.752488881140733e+03	1.232564566915125e+00	2.005967543877503e-01	2.478672299756762e-01	2.625096660808094e-01	2.890263495557641e-01
228000	-7.761310690942722e+03	1.199338841120264e+00	1.977121498160325e-01	2.402482090023587e-01	2.518838948040359e-01	3.101557463775729e-01
229000	-7.771039229964762e+03	1.222678172891138e+00	1.854405238081475e-01	2.546579135339074e-01	2.618970418565159e-01	2.980045208014294e-01
230000	-7.791132900909637e+03	1.292286994742981e+00	1.937135106559797e-01	2.514497596553439e-01	2.500506182167231e-01	3.047861114719532e-01
231000	-7.755833563277105e+03	1.166057928670608e+00	2.004961592055524e-01	2.514497596553439e-01	2.489410101376602e-01	2.991130710014434e-01
232000	-7.754528259287267e+03	1.206168309690082e+00	1.990397299803144e-01	2.470233676917184e-01	2.574831648692076e-01	2.964537374587596e-01
233000	-7.751483575506073e+03	1.193357004010132e+00	1.864100165919254e-01	2.730146201840215e-01	2.451245669574106e-01	2.954507962666426e-01
234000	-7.739215046340425e+03	1.172703966272959e+00	2.072351188369319e-01	2.473107049715864e-01	2.409993096762879e-01	3.044548665151939e-01
235000	-7.770367575660445e+03	1.256210971412617e+00	1.872939844947441e-01	2.716754867128572e-01	2.363213508492299e-01	3.047091779431687e-01
236000	-7.755330678458564e+03	1.170432955602736e+00	1.882821995938838e-01	2.729864686768654e-01	2.510847330789394e-01	2.876465986503116e-01
237000	-7.744568529083054e+03	1.207391685035680e+00	1.943196394520953e-01	2.517597770744263e-01	2.575837026658518e-01	2.963368808076266e-01
238000	-7.745792977918981e+03	1.217398090890982e+00	1.881409366580354e-01	2.429559655617622e-01	2.630111508900930e-01	3.058919468901093e-01
239000	-7.728732019570374e+03	1.149987806067029e+00	1.993633099283666e-01	2.461703919750638e-01	2.558493376161032e-01	2.986169604804665e-01
240000	-7.721144418445273e+03	1.156978816244878e+00	1.946589439080952e-01	2.532846814992848e-01	2.444752504423755e-01	3.075811241502445e-01
241000	-7.734994720897213e+03	1.169500048793998e+00	2.011112815407111e-01	2.428778491978703e-01	2.452619590618970e-01	3.107489101995215e-01
242000	-7.734872303207672e+03	1.214529475762347e+00	1.979602965755479e-01	2.615876673069524e-01	2.513059101189258e-01	2.891461259985739e-01
243000	-7.751948266618174e+03	1.219011365087917e+00	1.967763932021753e-01	2.539772747817463e-01	2.643647325591538e-01	2.848815994569246e-01
244000	-7.760972332060317e+03	1.195582945168772e+00	1.956834281607291e-01	2.680502207588433e-01	2.415985578400592e-01	2.946677932403685e-01
245000	-7.753854045448717e+03	1.218882506679277e+00	1.906058331412847e-01	2.465593662156230e-01	2.525752753334695e-01	3.102595253096229e-01
246000	-7.747595206831351e+03	1.220516207936772e+00	2.064343588823306e-01	2.464634132133986e-01	2.583577671165919e-01	2.887444607876787e-01
247000	-7.739396842468529e+03	1.143699847270425e+00	1.955680043587734e-01	2.395024623993663e-01	2.729752201594983e-01	2.919543130823619e-01
248000	-7.749934441047702e+03	1.221367703803455e+00	1.995384847047775e-01	2.510199413460434e-01	2.574872608668171e-01	2.919543130823619e-01
249000	-7.745361840668946e+03	1.188380590584506e+00	2.015087423949992e-01	2.367278914443310e-01	2.545874865066674e-01	3.071758796540024e-01
250000	-7.725760771033117e+03	1.188878140414315e+00	1.916691094270162e-01	2.506538133801256e-01	2.554735804479831e-01	3.022034967448751e-01
251000	-7.749256209691585e+03	1.245651809604209e+00	2.096708099909795e-01	2.453468789661296e-01	2.428447747227176e-01	3.021375363201733e-01
252000	-7.764085142657266e+03	1.268470715715037e+00	1.977791327199161e-01	2.656277191995211e-01	2.535419548837797e-01	2.830511931967829e-01
253000	-7.756324832666539e+03	1.203668673891326e+00	2.044008266756185e-01	2.529274613567332e-01	2.631297342946483e-01	2.795419776730000e-01
254000	-7.774713020353981e+03	1.231227341721617e+00	1.904832685245859e-01	2.412242288767193e-01	2.591025223774870e-01	3.091899802212079e-01
255000	-7.754764407760292e+03	1.180262704349929e+00	2.086347043360108e-01	2.580223342089633e-01	2.410499312381380e-01	2.922930302168878e-01
256000	-7.738328838438312e+03	1.198658219986739e+00	1.867726095473835e-01	2.571971311308872e-01	2.459893338885460e-01	3.100409254331833e-01
257000	-7.728928367392035e+03	1.183851745381594e+00	1.788640599612798e-01	2.594767645259393e-01	2.569471581462021e-01	3.047120173665788e-01
258000	-7.723864678869329e+03	1.133686805363937e+00	2.061030671081636e-01	2.579639817095813e-01	2.436615531037296e-01	2.922713980785255e-01
259000	-7.755550532785129e+03	1.182839462680854e+00	1.880333113014650e-01	2.516250229193165e-01	2.434512943622517e-01	3.168903714169668e-01
260000	-7.775346108747224e+03	1.203789078249752e+00	1.923510100762033e-01	2.480821549518712e-01	2.744507847904710e-01	2.851160501814544e-01
261000	-7.757551903196260e+03	1.253869593885667e+00	2.018826031930941e-01	2.545594138898086e-01	2.420226813930451e-01	3.015353015240522e-01
262000	-7.758267812023415e+03	1.230441827197584e+00	2.018826031930941e-01	2.568715674619949e-01	2.644128039247701e-01	2.768330254201409e-01
263000	-7.789412024335461e+03	1.320275320156163e+00	2.023218379938503e-01	2.421318645159952e-01	2.562446823848116e-01	2.993016151053428e-01
264000	-7.757403085640565e+03	1.256168390456286e+00	1.814924726199071e-01	2.439816905282551e-01	2.712561082731615e-01	3.032697285786762e-01
265000	-7.737437206157721e+03	1.175330530959522e+00	1.974312748977467e-01	2.453724929308568e-01	2.652032750394034e-01	2.919929571319933e-01
266000	-7.761693191550383e+03	1.205914108128795e+00	1.942908625995903e-01	2.435410852602348e-01	2.660345990106385e-01	2.961334531295364e-01
267000	-7.776863404554243e+03	1.240187138768929e+00	2.065083421258631e-01	2.499732669714975e-01	2.537237371667382e-01	2.897946537359011e-01
268000	-7.775804979482782e+03	1.259946679176418e+00	1.955881795603641e-01	2.405547981938772e-01	2.617927589804516e-01	3.020642632653074e-01
269000	-7.792792124952352e+03	1.285117126700883e+00	1.985438817691689e-01	2.562533984336524e-01	2.407343218416609e-01	3.044683979555180e-01
270000	-7.775324909910673e+03	1.300525585017810e+00	1.956367898288843e-01	2.553825758808346e-01	2.732910042818969e-01	2.756896300083841e-01
271000	-7.757245576073457e+03	1.238775660273157e+00	1.824818011335834e-01	2.506962432819978e-01	2.745147648403483e-01	2.923071907440705e-01
272000	-7.757022800134070e+03	1.218565056261982e+00	1.997177668430763e-01	2.480025656914116e-01	2.424064745733539e-01	3.098731928921581e-01
273000	-7.739906065704824e+03	1.140043497861737e+00	1.891182096759417e-01	2.539716706377779e-01	2.638508505725782e-01	2.930592691137022e-01
274000	-7.755381553146380e+03	1.210212212909512e+00	1.937769870627192e-01	2.577564998771630e-01	2.510792585206043e-01	2.973872545395135e-01
275000	-7.767309982348289e+03	1.215264831237359e+00	2.033359240763236e-01	2.575997028940468e-01	2.402634765756766e-01	2.988008964539530e-01
276000	-7.753429279743805e+03	1.203929668367693e+00	1.915550124403321e-01	2.649117243542894e-01	2.554973445155503e-01	2.880359186898283e-01
277000	-7.758387605317063e+03	1.290900977242754e+00	2.038272990788041e-01	2.560968393205185e-01	2.463898453925053e-01	2.936860162081723e-01
278000	-7.766284628762264e+03	1.230049059669676e+00	2.062155191903455e-01	2.511900888941326e-01	2.436380689941072e-01	2.989563229214148e-01
279000	-7.762434888424989e+03	1.158981709430948e+00	1.970777192202000e-01	2.535290296323942e-01	2.432315376994680e-01	3.061617134479377e-01
280000	-7.748511767668304e+03	1.159837575857255e+00	2.139975024077174e-01	2.375554116166453e-01	2.523192743069338e-01	2.961278116687035e-01
281000	-7.778459544564156e+03	1.283795123558972e+00	1.866546262571913e-01	2.670767333397172e-01	2.545175392210420e-01	2.917511011820495e-01
282000	-7.772677786613663e+03	1.184536138364419e+00	2.116530769211289e-01	2.566621645984634e-01	2.406201891184383e-01	2.910645693619693e-01
283000	-7.754716606677987e+03	1.240581379362302e+00	1.954196863641946e-01	2.564870273701636e-01	2.567949132508198e-01	2.912983730148220e-01
284000	-7.747165268026758e+03	1.241163570389252e+00	1.974594503707731e-01	2.544309639072472e-01	2.515066267003576e-01	2.966029590216221e-01
285000	-7.733654701400616e+03	1.203185151669681e+00	1.982391099670962e-01	2.544309639072472e-01	2.509203541923445e-01	2.964095719333120e-01
