[ID: 7221362421]
Gen	LnL	TL	pi(A)	pi(C)	pi(G)	pi(T)
0	-1.793095860905358e+04	2.389999999999993e+00	2.500000000000000e-01	2.500000000000000e-01	2.500000000000000e-01	2.500000000000000e-01
1000	-1.341131557375174e+04	1.930615431073712e+00	1.937223338871653e-01	2.692035873191455e-01	2.509586376333867e-01	2.861154411603026e-01
2000	-1.129045116504029e+04	1.602028678971133e+00	2.209853124631637e-01	2.314496733136128e-01	2.379734260417032e-01	3.095915881815205e-01
3000	-9.887762514103035e+03	1.262772655523640e+00	2.057730953298778e-01	2.563324645622314e-01	2.297880076828318e-01	3.081064324250590e-01
4000	-8.954447702004922e+03	1.275191339500675e+00	1.884665946993457e-01	2.501589336162371e-01	2.545893783894928e-01	3.067850932949243e-01
5000	-8.587675794891606e+03	1.212470248310239e+00	1.899889964186927e-01	2.628822764922097e-01	2.452164608395964e-01	3.019122662495011e-01
6000	-8.280753531866329e+03	1.188701685869398e+00	1.883309802080980e-01	2.288931376876025e-01	2.668438707900449e-01	3.159320113142544e-01
7000	-8.172631269608280e+03	1.255593509951225e+00	1.987915768558234e-01	2.478511803274588e-01	2.510337640140823e-01	3.023234788026355e-01
8000	-8.089693011457266e+03	1.265417398911423e+00	1.987915768558234e-01	2.478511803274588e-01	2.510337640140823e-01	3.023234788026355e-01
9000	-8.009277050297089e+03	1.192415277957869e+00	1.924298041844029e-01	2.580121856531291e-01	2.558288120337941e-01	2.937291981286738e-01
10000	-7.971257153486965e+03	1.359370838214480e+00	2.024370639155081e-01	2.480049259220239e-01	2.558288120337941e-01	2.937291981286738e-01
11000	-7.920079545718100e+03	1.243706220081088e+00	1.930124807622088e-01	2.480049259220239e-01	2.558288120337941e-01	3.031537812819731e-01
12000	-7.910200827187111e+03	1.315341477274750e+00	1.857971573734749e-01	2.530299245271617e-01	2.508038134286563e-01	3.103691046707070e-01
13000	-7.860668994715798e+03	1.291930266332526e+00	1.974164333074881e-01	2.423077133105494e-01	2.624478681749091e-01	2.978279852070534e-01
14000	-7.867088975120848e+03	1.315084229502359e+00	1.951530279282958e-01	2.515520265000241e-01	2.469395915749549e-01	3.063553539967253e-01
15000	-7.860040813103638e+03	1.296303659402017e+00	1.959507166782239e-01	2.605778473980306e-01	2.457029810881498e-01	2.977684548355958e-01
16000	-7.875299173282820e+03	1.288393891321881e+00	1.874062253520847e-01	2.558770871033495e-01	2.503594834317108e-01	3.063572041128551e-01
17000	-7.868012478733779e+03	1.239973494649972e+00	2.020725401951921e-01	2.501190914200102e-01	2.549590723392460e-01	2.928492960455517e-01
18000	-7.823286775684782e+03	1.188110228526862e+00	1.900619798428168e-01	2.517025874922981e-01	2.602494261522068e-01	2.979860065126783e-01
19000	-7.834169681199357e+03	1.279228688945548e+00	2.078932471448821e-01	2.467931558908040e-01	2.595653826849758e-01	2.857482142793382e-01
20000	-7.796934027099595e+03	1.229743496480202e+00	2.121626477948941e-01	2.595278936344044e-01	2.469696360917666e-01	2.813398224789349e-01
21000	-7.797948442283014e+03	1.232506737050897e+00	2.098822898803551e-01	2.546107888323454e-01	2.539294931061986e-01	2.815774281811009e-01
22000	-7.824049605220833e+03	1.245545639260753e+00	1.993491436884931e-01	2.506266765121456e-01	2.409698574225316e-01	3.090543223768296e-01
23000	-7.803040358351412e+03	1.282021569554460e+00	2.003027025520909e-01	2.482066217381322e-01	2.503075918983212e-01	3.011830838114558e-01
24000	-7.763848045670602e+03	1.217749860526507e+00	2.124237163407555e-01	2.427898490790446e-01	2.460020648757132e-01	2.987843697044866e-01
25000	-7.761435704996185e+03	1.222766700972715e+00	2.124237163407555e-01	2.427898490790446e-01	2.460020648757132e-01	2.987843697044866e-01
26000	-7.775219994263190e+03	1.290960271196645e+00	1.872126991939479e-01	2.488995726120805e-01	2.500232712504045e-01	3.138644569435671e-01
27000	-7.803807127821808e+03	1.292803471439317e+00	1.872126991939479e-01	2.626805646706502e-01	2.500232712504045e-01	3.000834648849974e-01
28000	-7.768320359601737e+03	1.234994440927078e+00	1.959944349288438e-01	2.487809673774156e-01	2.498567670057503e-01	3.053678306879904e-01
29000	-7.745312707460876e+03	1.160460720837388e+00	2.068972374955916e-01	2.511538631351145e-01	2.479859348313565e-01	2.939629645379375e-01
30000	-7.757664737310970e+03	1.212332757202748e+00	1.995578791426858e-01	2.468595736645600e-01	2.534958323712034e-01	3.000867148215507e-01
31000	-7.746230802913306e+03	1.224232696143984e+00	2.011296211790494e-01	2.590325341098439e-01	2.536506248866358e-01	2.861872198244709e-01
32000	-7.770199873145321e+03	1.216934050302824e+00	1.921109990097346e-01	2.558446607354341e-01	2.549917512914335e-01	2.970525889633979e-01
33000	-7.743711368871875e+03	1.170452667882619e+00	1.937296066420188e-01	2.432997466053393e-01	2.606065859049178e-01	3.023640608477242e-01
34000	-7.731447076450342e+03	1.215510920376102e+00	1.954607973413839e-01	2.604400709273563e-01	2.631195107258876e-01	2.809796210053720e-01
35000	-7.753612310274737e+03	1.248433121832814e+00	1.954607973413839e-01	2.537228533017592e-01	2.613861741435042e-01	2.894301752133527e-01
36000	-7.724685360692965e+03	1.219988518414832e+00	1.954607973413839e-01	2.625184283752310e-01	2.432416516753849e-01	2.987791226080002e-01
37000	-7.725433749499812e+03	1.220929945901791e+00	2.138653792431263e-01	2.469796724803457e-01	2.532676560730869e-01	2.858872922034411e-01
38000	-7.748869040305531e+03	1.264768338362283e+00	2.120960837397377e-01	2.412310244505231e-01	2.489919017019042e-01	2.976809901078349e-01
39000	-7.741998481388515e+03	1.177410874849720e+00	2.020654162795314e-01	2.468150149963713e-01	2.489484169938594e-01	3.021711517302380e-01
40000	-7.755277093291782e+03	1.178784398620073e+00	2.017175248179181e-01	2.354668566502523e-01	2.659756481678495e-01	2.968399703639800e-01
41000	-7.760721282818240e+03	1.177625451053913e+00	2.011680543491609e-01	2.475757110853824e-01	2.558564593465930e-01	2.953997752188638e-01
42000	-7.772089291934346e+03	1.247679226225591e+00	2.011983442554448e-01	2.664644870270215e-01	2.485288475534007e-01	2.838083211641329e-01
43000	-7.771929462607219e+03	1.194246960129719e+00	1.982199163760055e-01	2.506733959185966e-01	2.539645083081336e-01	2.971421793972642e-01
44000	-7.761577125708105e+03	1.178448625266331e+00	2.091608510647812e-01	2.540917973328781e-01	2.440653868796178e-01	2.926819647227229e-01
45000	-7.774305915772266e+03	1.230285486894842e+00	2.018652723117043e-01	2.359935231446641e-01	2.602353550537026e-01	3.019058494899289e-01
46000	-7.754784693304467e+03	1.196170791165154e+00	2.136534220919830e-01	2.417633288267826e-01	2.555343692583199e-01	2.890488798229144e-01
47000	-7.753985583926404e+03	1.259654895122625e+00	2.032067625946316e-01	2.575364175008707e-01	2.474151780257382e-01	2.918416418787595e-01
48000	-7.739424767473722e+03	1.181022608445616e+00	1.946886378975206e-01	2.539661920556069e-01	2.482220409117266e-01	3.031231291351459e-01
49000	-7.753331642792726e+03	1.209188111431288e+00	1.879648872313487e-01	2.502328532731987e-01	2.529818784177450e-01	3.088203810777077e-01
50000	-7.756719784649424e+03	1.216435571162663e+00	1.963321640395738e-01	2.628368741593513e-01	2.495414162036251e-01	2.912895455974499e-01
51000	-7.749142251022758e+03	1.220521523899430e+00	2.017923800215530e-01	2.601458055697808e-01	2.611130278267623e-01	2.769487865819039e-01
52000	-7.733541147156996e+03	1.190109377608497e+00	2.028284551885075e-01	2.601458055697808e-01	2.526931238250604e-01	2.843326154166513e-01
53000	-7.772276168557060e+03	1.254402019165971e+00	1.936145763133888e-01	2.432889001461557e-01	2.522098846213500e-01	3.108866389191057e-01
54000	-7.779390867116826e+03	1.242809677119190e+00	2.044062254945130e-01	2.437186953605021e-01	2.470313922615195e-01	3.048436868834654e-01
55000	-7.759549278111078e+03	1.208515496018030e+00	2.096791056079318e-01	2.705766138119056e-01	2.430684792197360e-01	2.766758013604265e-01
56000	-7.782088983041216e+03	1.266931647794222e+00	1.882711745634121e-01	2.709168892977609e-01	2.572698951072748e-01	2.835420410315523e-01
57000	-7.772896156194262e+03	1.234585065689696e+00	2.012899950347122e-01	2.518718497921190e-01	2.542126231431585e-01	2.926255320300103e-01
58000	-7.786600068412743e+03	1.279881192556673e+00	2.012899950347122e-01	2.518718497921190e-01	2.542126231431585e-01	2.926255320300103e-01
59000	-7.779268803162106e+03	1.176015492687259e+00	2.097498573381870e-01	2.535337850280073e-01	2.487332431257609e-01	2.879831145080449e-01
60000	-7.765391634391041e+03	1.203842912414504e+00	1.998610712320139e-01	2.607067571360584e-01	2.554954068870334e-01	2.839367647448945e-01
61000	-7.767191616557543e+03	1.244432720310045e+00	2.017976033488348e-01	2.559207111460701e-01	2.475637675027338e-01	2.947179180023612e-01
62000	-7.754375741287937e+03	1.185154649623048e+00	2.004000789665642e-01	2.517426416298841e-01	2.557348225982163e-01	2.921224568053354e-01
63000	-7.759671197835996e+03	1.236179254557826e+00	1.883260823793668e-01	2.535155652682379e-01	2.575167573210271e-01	3.006415950313682e-01
64000	-7.756964278181686e+03	1.258907628409997e+00	2.125141894177910e-01	2.436845149658971e-01	2.500396676235199e-01	2.937616279927919e-01
65000	-7.757632170935162e+03	1.246958804853659e+00	2.119845052957162e-01	2.436845149658971e-01	2.505693517455948e-01	2.937616279927919e-01
66000	-7.750619298402063e+03	1.236508350257159e+00	2.091491139303513e-01	2.502766112039953e-01	2.486323553272515e-01	2.919419195384019e-01
67000	-7.749187889725554e+03	1.222598656758436e+00	1.985960349787095e-01	2.557992777126614e-01	2.501802099613969e-01	2.954244773472323e-01
68000	-7.740982009449029e+03	1.218618316939264e+00	1.898551327894386e-01	2.629328069329100e-01	2.682172342108483e-01	2.789948260668032e-01
69000	-7.769748408981036e+03	1.240731791550501e+00	2.086976946935973e-01	2.438501191848570e-01	2.299149087201830e-01	3.175372774013628e-01
70000	-7.766136397314416e+03	1.303056701205879e+00	1.939588692075900e-01	2.416047988598466e-01	2.538232993234520e-01	3.106130326091115e-01
71000	-7.745290245716006e+03	1.213851274357652e+00	1.879984202447053e-01	2.409824707834911e-01	2.600824163851355e-01	3.109366925866683e-01
72000	-7.770798296037975e+03	1.235511050615069e+00	1.953749197621283e-01	2.512499038623988e-01	2.348911534874646e-01	3.184840228880083e-01
73000	-7.770995769913814e+03	1.246211751106137e+00	1.954549416200741e-01	2.569810408723194e-01	2.637728663830118e-01	2.837911511245947e-01
74000	-7.763286374810082e+03	1.203927147984057e+00	2.031371727688615e-01	2.655028889669228e-01	2.286516575256390e-01	3.027082807385768e-01
75000	-7.767566704822952e+03	1.214899863795836e+00	2.045696898052147e-01	2.533188161851092e-01	2.546517953284953e-01	2.874596986811808e-01
76000	-7.757631276343126e+03	1.221524979546997e+00	2.044986677644363e-01	2.559919906746332e-01	2.538044684773462e-01	2.857048730835843e-01
77000	-7.739945843891408e+03	1.222076200092729e+00	1.976504882657518e-01	2.617605979242051e-01	2.538108633848422e-01	2.867780504252008e-01
78000	-7.739161802011719e+03	1.222691961615515e+00	2.062144230356509e-01	2.602320803082211e-01	2.392853428566338e-01	2.942681537994943e-01
79000	-7.762771786514751e+03	1.222777927806125e+00	2.041351471299376e-01	2.464088820787975e-01	2.507027842064585e-01	2.987531865848064e-01
80000	-7.773870786816500e+03	1.213512328603692e+00	2.045733105979481e-01	2.464088820787975e-01	2.507027842064585e-01	2.983150231167958e-01
81000	-7.772855266227206e+03	1.307991840115113e+00	2.045438868218566e-01	2.506921145182548e-01	2.463848332008767e-01	2.983791654590119e-01
82000	-7.754887600385858e+03	1.177603305784196e+00	1.913981817149508e-01	2.411407984774790e-01	2.612415527881522e-01	3.062194670194180e-01
83000	-7.784350739705228e+03	1.278058357697488e+00	1.903954174325757e-01	2.553588014254625e-01	2.500730319065289e-01	3.041727492354328e-01
84000	-7.752081217312747e+03	1.191410886578769e+00	1.993985916080458e-01	2.490364731912883e-01	2.473921859652331e-01	3.041727492354328e-01
85000	-7.760284214240084e+03	1.242421942847342e+00	2.002937148998143e-01	2.434929736918982e-01	2.429026181525680e-01	3.133106932557198e-01
86000	-7.767894449873449e+03	1.226707363624952e+00	2.134719836088718e-01	2.452526035357831e-01	2.547047328891615e-01	2.865706799661836e-01
87000	-7.772117303347834e+03	1.274281403464462e+00	1.948266108706855e-01	2.445913673550108e-01	2.496210699468070e-01	3.109609518274968e-01
88000	-7.781598859146368e+03	1.244011460714472e+00	1.999342410952706e-01	2.576212495853740e-01	2.422111629008168e-01	3.002333464185387e-01
89000	-7.778600032796238e+03	1.238924646791687e+00	1.935031549662888e-01	2.483041779098121e-01	2.555558397178521e-01	3.026368274060470e-01
90000	-7.784618148819730e+03	1.279877430610005e+00	2.090116334048318e-01	2.368087009203406e-01	2.514815240611973e-01	3.026981416136303e-01
91000	-7.749585897460355e+03	1.208322125628485e+00	2.078070466454566e-01	2.472584054294724e-01	2.531805739716150e-01	2.917539739534560e-01
92000	-7.739480385626583e+03	1.210013410671213e+00	2.030586113759888e-01	2.459737110960576e-01	2.480551346579820e-01	3.029125428699716e-01
93000	-7.763677381570968e+03	1.246033641137449e+00	2.030586113759888e-01	2.459737110960576e-01	2.480551346579820e-01	3.029125428699716e-01
94000	-7.738033860230262e+03	1.197959251820668e+00	1.917670159065954e-01	2.635285043215858e-01	2.548760622702980e-01	2.898284175015207e-01
95000	-7.769106837760802e+03	1.232470385775970e+00	2.109243035198295e-01	2.564209934301372e-01	2.405331548322181e-01	2.921215482178153e-01
96000	-7.757190586961488e+03	1.208258929212664e+00	2.015961699770353e-01	2.581517666416115e-01	2.534254636572150e-01	2.868265997241382e-01
97000	-7.759756499989672e+03	1.236663732529210e+00	1.965473381552307e-01	2.595473611860384e-01	2.368459091088456e-01	3.070593915498853e-01
98000	-7.744269146876550e+03	1.153380823712632e+00	1.940551616298396e-01	2.484020591486908e-01	2.468448911969913e-01	3.106978880244783e-01
99000	-7.783085963362273e+03	1.257445408765508e+00	1.996319925390223e-01	2.493046077485326e-01	2.544249697554628e-01	2.966384299569822e-01
100000	-7.792484742779340e+03	1.224290134138756e+00	2.055457197591538e-01	2.493046077485326e-01	2.485112425353314e-01	2.966384299569822e-01
101000	-7.774704826333250e+03	1.217982584771750e+00	1.987852389609418e-01	2.574629450102827e-01	2.437587554888396e-01	2.999930605399360e-01
102000	-7.756024840568247e+03	1.194006084739006e+00	2.071321030044473e-01	2.397484698034777e-01	2.534004632373431e-01	2.997189639547321e-01
103000	-7.741644214763364e+03	1.240587553982494e+00	2.088754607406036e-01	2.596662319855629e-01	2.402366926736624e-01	2.912216146001710e-01
104000	-7.758008767436852e+03	1.266796467610063e+00	2.088754607406036e-01	2.460548509428423e-01	2.402366926736624e-01	3.048329956428916e-01
105000	-7.751308969394145e+03	1.225144113706570e+00	1.974220474253228e-01	2.672304333078422e-01	2.532120990790974e-01	2.821354201877376e-01
106000	-7.777690361579267e+03	1.302120467185720e+00	1.911589868766123e-01	2.629654807812248e-01	2.456266521846515e-01	3.002488801575115e-01
107000	-7.736827845240781e+03	1.182851780970287e+00	1.873319933970320e-01	2.623739387708867e-01	2.524001512989711e-01	2.978939165331103e-01
108000	-7.757797572302296e+03	1.249547961945464e+00	1.879438928007490e-01	2.562723373018780e-01	2.530564643692509e-01	3.027273055281220e-01
109000	-7.768720785215366e+03	1.285062101890354e+00	2.165754205750139e-01	2.596816253555296e-01	2.359606142468404e-01	2.877823398226159e-01
110000	-7.762237594995943e+03	1.213698990750377e+00	1.957624211401137e-01	2.507704192541586e-01	2.528279722105321e-01	3.006391873951956e-01
111000	-7.754387132327871e+03	1.232478870027389e+00	2.141555938218881e-01	2.435652306522697e-01	2.594198866639987e-01	2.828592888618435e-01
112000	-7.753814887291887e+03	1.252660492284759e+00	1.942085752601165e-01	2.539982387501734e-01	2.582078661106733e-01	2.935853198790369e-01
113000	-7.757298437389612e+03	1.218213191400044e+00	2.003656365919092e-01	2.386048306906731e-01	2.470095000792336e-01	3.140200326381840e-01
114000	-7.739580369633742e+03	1.182123464958281e+00	2.003656365919092e-01	2.525024186561992e-01	2.470095000792336e-01	3.001224446726580e-01
115000	-7.744785855245834e+03	1.264833600283186e+00	2.011262223946490e-01	2.547186856167094e-01	2.597672879495199e-01	2.843878040391217e-01
116000	-7.743329566977559e+03	1.188951548947946e+00	1.974574993713955e-01	2.594326735758378e-01	2.579144944331869e-01	2.851953326195798e-01
117000	-7.739516059665139e+03	1.214830005419797e+00	1.987862570884104e-01	2.546101324955103e-01	2.531235496965137e-01	2.934800607195656e-01
118000	-7.730722011479037e+03	1.156314929142375e+00	1.946191514611312e-01	2.689565840119215e-01	2.385260680466567e-01	2.978981964802908e-01
119000	-7.750151239301404e+03	1.238138867171281e+00	1.940315413445570e-01	2.413796883642406e-01	2.653706993066899e-01	2.992180709845126e-01
120000	-7.736993877568044e+03	1.204445802948388e+00	1.989513733987361e-01	2.466359652750947e-01	2.609023815148123e-01	2.935102798113570e-01
121000	-7.753137162889217e+03	1.310650942534333e+00	1.980998374606942e-01	2.409624795801827e-01	2.648046046585716e-01	2.961330783005515e-01
122000	-7.781769031437932e+03	1.287559746440506e+00	1.980998374606942e-01	2.409624795801827e-01	2.648046046585716e-01	2.961330783005515e-01
123000	-7.774852597514820e+03	1.265646195702338e+00	1.886890376237932e-01	2.574496746549287e-01	2.583177830343193e-01	2.955435046869587e-01
124000	-7.772449035672381e+03	1.269127753113237e+00	2.055325247694398e-01	2.441882155629286e-01	2.583868428773150e-01	2.918924167903165e-01
125000	-7.750950461312110e+03	1.201775365037093e+00	1.894679305102438e-01	2.590284822002626e-01	2.583868428773150e-01	2.931167444121785e-01
126000	-7.751594117787185e+03	1.210631623287073e+00	2.058029409569981e-01	2.613154171369305e-01	2.428931538624504e-01	2.899884880436210e-01
127000	-7.763587746955370e+03	1.249134337839310e+00	1.977917021665995e-01	2.577540263908448e-01	2.364595059738158e-01	3.079947654687399e-01
128000	-7.743301222836541e+03	1.236647844979957e+00	1.984943953963303e-01	2.578790255325727e-01	2.560737965487490e-01	2.875527825223481e-01
129000	-7.747007903387479e+03	1.220899627292644e+00	1.983545835218770e-01	2.477298148078844e-01	2.562136084232023e-01	2.977019932470363e-01
130000	-7.766006734309138e+03	1.239910396332071e+00	1.880906216123100e-01	2.453354338402409e-01	2.525606055950360e-01	3.140133389524130e-01
131000	-7.762274964861353e+03	1.250725593303154e+00	2.081309663669432e-01	2.552497380114637e-01	2.474541282416816e-01	2.891651673799114e-01
132000	-7.765076680618005e+03	1.243871733518896e+00	1.903574528486937e-01	2.433762519217582e-01	2.685898672507472e-01	2.976764279788008e-01
133000	-7.776341725681212e+03	1.297259229057305e+00	1.921307173544040e-01	2.599674674547698e-01	2.588803005823871e-01	2.890215146084391e-01
134000	-7.773841731281591e+03	1.258009947188862e+00	1.931608996001923e-01	2.599674674547698e-01	2.588803005823871e-01	2.879913323626508e-01
135000	-7.789508847445618e+03	1.318594468916082e+00	2.104171216258315e-01	2.515843587598159e-01	2.387910674119183e-01	2.992074522024342e-01
136000	-7.756886668583787e+03	1.203666075004469e+00	2.005748754262613e-01	2.515843587598159e-01	2.486333136114885e-01	2.992074522024342e-01
137000	-7.757471554760739e+03	1.233104840744271e+00	1.942121735790156e-01	2.662851010075252e-01	2.423251563676564e-01	2.971775690458028e-01
138000	-7.763368867343021e+03	1.211464427817837e+00	2.175319193971718e-01	2.489364021497422e-01	2.296846659358109e-01	3.038470125172751e-01
139000	-7.766009942992388e+03	1.291792374330253e+00	1.970644788135198e-01	2.501274659202302e-01	2.506951900458017e-01	3.021128652204484e-01
140000	-7.762291020232040e+03	1.247085903965082e+00	2.081247850015213e-01	2.528777818257552e-01	2.377335384450599e-01	3.012638947276637e-01
141000	-7.752959287401873e+03	1.242412529326336e+00	2.096638198884678e-01	2.447894550993508e-01	2.567403164842800e-01	2.888064085279014e-01
142000	-7.754818947916530e+03	1.217842827134897e+00	2.010194247311602e-01	2.520487689899724e-01	2.376882369901278e-01	3.092435692887396e-01
143000	-7.762841174949721e+03	1.325201470949855e+00	1.871577100656692e-01	2.446835857981664e-01	2.752835302589499e-01	2.928751738772145e-01
144000	-7.735559095430341e+03	1.195379061332880e+00	1.894347945830335e-01	2.608711048760585e-01	2.369959049680383e-01	3.126981955728698e-01
145000	-7.769910086228903e+03	1.275231438898866e+00	1.937743855548040e-01	2.484619620814130e-01	2.491183822862154e-01	3.086452700775677e-01
146000	-7.753123458051659e+03	1.151895389355019e+00	1.931727813526677e-01	2.535025397525303e-01	2.491183822862154e-01	3.042062966085867e-01
147000	-7.769155955030022e+03	1.230810201323064e+00	2.074548863167561e-01	2.548152217955696e-01	2.400165507254540e-01	2.977133411622201e-01
148000	-7.777945433911768e+03	1.232874878753280e+00	2.080117255718223e-01	2.447056491502369e-01	2.658754090308018e-01	2.814072162471389e-01
149000	-7.755166764094390e+03	1.168513912593242e+00	1.941821635619435e-01	2.454760942124385e-01	2.498077716890502e-01	3.105339705365678e-01
150000	-7.754149584203129e+03	1.201692241494230e+00	2.006597684262752e-01	2.397481796054114e-01	2.461095456707190e-01	3.134825062975944e-01
151000	-7.764494076476278e+03	1.203350256987440e+00	1.891180027257653e-01	2.607388920996724e-01	2.528541188837479e-01	2.972889862908142e-01
152000	-7.771693531592651e+03	1.249295366128482e+00	2.010505452200946e-01	2.566731435896634e-01	2.483744909070910e-01	2.939018202831510e-01
153000	-7.755864739061552e+03	1.202743566361507e+00	2.006426928830247e-01	2.496241035755677e-01	2.431670278645054e-01	3.065661756769021e-01
154000	-7.777630631414165e+03	1.327363330240446e+00	2.003816394189556e-01	2.547755915507622e-01	2.590553307687775e-01	2.857874382615047e-01
155000	-7.774486698426172e+03	1.241518849063611e+00	1.986988031456826e-01	2.641680116795651e-01	2.492129388451493e-01	2.879202463296031e-01
156000	-7.758711249913213e+03	1.238870946398229e+00	2.008736635399617e-01	2.563044655847744e-01	2.480038839995466e-01	2.948179868757171e-01
157000	-7.752356346436055e+03	1.205636917552660e+00	1.877825402904540e-01	2.527375712234207e-01	2.623217072964421e-01	2.971581811896832e-01
158000	-7.773202755037250e+03	1.289609957895573e+00	1.953431390579956e-01	2.574941674785560e-01	2.420607252757541e-01	3.051019681876943e-01
159000	-7.757016209824065e+03	1.255167851869724e+00	1.986058061373665e-01	2.412417745836149e-01	2.582056830548198e-01	3.019467362241990e-01
160000	-7.749119072047254e+03	1.223682098920963e+00	1.990301953343148e-01	2.556763832965988e-01	2.440273873938087e-01	3.012660339752778e-01
161000	-7.753282731021650e+03	1.239019450596553e+00	1.968449735645541e-01	2.635039626095980e-01	2.406453111118418e-01	2.990057527140061e-01
162000	-7.753017885636611e+03	1.202242789693589e+00	1.971908612435835e-01	2.425110804967914e-01	2.477145768089918e-01	3.125834814506333e-01
163000	-7.770165541780815e+03	1.260357076322092e+00	2.012789391099530e-01	2.335707130018013e-01	2.545142277849323e-01	3.106361201033135e-01
164000	-7.748088871182301e+03	1.238660735109336e+00	2.030992183911616e-01	2.580016625243119e-01	2.532543624475188e-01	2.856447566370077e-01
165000	-7.750362975106414e+03	1.244593867992869e+00	2.014827344695997e-01	2.421122416276855e-01	2.519884458520743e-01	3.044165780506404e-01
166000	-7.742413330997317e+03	1.204456603311636e+00	2.058202242389564e-01	2.525429919298661e-01	2.376833327214341e-01	3.039534511097434e-01
167000	-7.741809470495597e+03	1.251358757961129e+00	2.084624174494369e-01	2.397606017755501e-01	2.548305104312446e-01	2.969464703437685e-01
168000	-7.738167878543235e+03	1.220778937296042e+00	2.044912683747618e-01	2.408431363650461e-01	2.580268160028296e-01	2.966387792573626e-01
169000	-7.732614747745793e+03	1.151589950404205e+00	1.995013829698611e-01	2.590488730356668e-01	2.418649270016893e-01	2.995848169927828e-01
170000	-7.776160906912905e+03	1.248571741302272e+00	1.997855350925241e-01	2.400083292432901e-01	2.592241698975334e-01	3.009819657666524e-01
171000	-7.753967798897248e+03	1.233201307371288e+00	2.065097521227166e-01	2.492900636957603e-01	2.470827035512604e-01	2.971174806302628e-01
172000	-7.778070023137466e+03	1.285673835599047e+00	1.979390305136623e-01	2.436083949224188e-01	2.421683536368991e-01	3.162842209270197e-01
173000	-7.769382711510762e+03	1.207898766608742e+00	1.982304935652771e-01	2.396546478763871e-01	2.663558739046240e-01	2.957589846537119e-01
174000	-7.772552051625243e+03	1.218943080720463e+00	2.059438362394249e-01	2.467161578581110e-01	2.558380687134155e-01	2.915019371890487e-01
175000	-7.770453496058481e+03	1.227524895850812e+00	2.084641614584624e-01	2.402848313245497e-01	2.562117912364414e-01	2.950392159805466e-01
176000	-7.758735325257963e+03	1.176095661462594e+00	1.937478022569715e-01	2.587206976866474e-01	2.349224491492151e-01	3.126090509071660e-01
177000	-7.755818645261284e+03	1.220943458910510e+00	2.111743198863377e-01	2.448767814632273e-01	2.491308802875314e-01	2.948180183629037e-01
178000	-7.752348624472330e+03	1.268939996163876e+00	1.932045499353273e-01	2.552165177351592e-01	2.506513101905337e-01	3.009276221389799e-01
179000	-7.752363112045024e+03	1.241273724003451e+00	1.981384953053229e-01	2.519438762601561e-01	2.564403853468397e-01	2.934772430876813e-01
180000	-7.759257501351157e+03	1.210343189920603e+00	2.022697092755678e-01	2.536000433113116e-01	2.648392664176834e-01	2.792909809954371e-01
181000	-7.754867996693832e+03	1.203090367888940e+00	2.004837880774884e-01	2.616953048475283e-01	2.535568172425331e-01	2.842640898324501e-01
182000	-7.757927288681395e+03	1.177949258791066e+00	2.101287259215086e-01	2.533287668948138e-01	2.441553514587664e-01	2.923871557249113e-01
183000	-7.779724003327305e+03	1.219308713141948e+00	2.156933019878376e-01	2.613324379494376e-01	2.356049389421262e-01	2.873693211205985e-01
184000	-7.779909407906935e+03	1.220989579737746e+00	2.016908945634387e-01	2.457829844400968e-01	2.641860155547247e-01	2.883401054417397e-01
185000	-7.787074930198267e+03	1.277287576008235e+00	1.968383351934469e-01	2.511455728425713e-01	2.559967386256667e-01	2.960193533383150e-01
186000	-7.758008270030708e+03	1.204492250446586e+00	1.968383351934469e-01	2.446160130074707e-01	2.470377642903205e-01	3.115078875087617e-01
187000	-7.756971034478342e+03	1.199979733683686e+00	1.967830189359168e-01	2.475922974424882e-01	2.602806560412347e-01	2.953440275803603e-01
188000	-7.772901548019181e+03	1.207245127808426e+00	2.070896362176181e-01	2.521787255084952e-01	2.531753546284704e-01	2.875562836454164e-01
189000	-7.760425804478933e+03	1.220372249446449e+00	2.070896362176181e-01	2.521787255084952e-01	2.627362190767125e-01	2.779954191971742e-01
190000	-7.761664427069536e+03	1.211737079637977e+00	1.973348438619238e-01	2.508608501839445e-01	2.418009007453693e-01	3.100034052087624e-01
191000	-7.781016444818610e+03	1.265708220545140e+00	2.003649479180927e-01	2.388318029693171e-01	2.451912765793774e-01	3.156119725332129e-01
192000	-7.763728281524829e+03	1.151916758729194e+00	1.955332284988839e-01	2.436635223885259e-01	2.451912765793774e-01	3.156119725332129e-01
193000	-7.772186076573841e+03	1.189943985717278e+00	2.083740579616679e-01	2.422503180769683e-01	2.547398563261293e-01	2.946357676352346e-01
194000	-7.771435835420002e+03	1.169616250037975e+00	1.976411859529655e-01	2.590834149604544e-01	2.475619434044279e-01	2.957134556821522e-01
195000	-7.754971513005983e+03	1.210678030551988e+00	1.976411859529655e-01	2.497548886110119e-01	2.475619434044279e-01	3.050419820315948e-01
196000	-7.771065998423354e+03	1.276868060297530e+00	2.084736307497091e-01	2.441010044386143e-01	2.564184500863003e-01	2.910069147253764e-01
197000	-7.763176132482943e+03	1.212870977480831e+00	1.950870211645746e-01	2.516661527638369e-01	2.447345941488215e-01	3.085122319227670e-01
198000	-7.772270557239205e+03	1.177679556766210e+00	2.113506796888545e-01	2.571475621164293e-01	2.427147440851070e-01	2.887870141096092e-01
199000	-7.774698392501213e+03	1.167583567251479e+00	2.030632477302485e-01	2.677120861626588e-01	2.280237855737249e-01	3.012008805333678e-01
200000	-7.762745440420937e+03	1.143586630769704e+00	1.979001377087301e-01	2.583486249093834e-01	2.577567006755899e-01	2.859945367062967e-01
201000	-7.772134996237720e+03	1.168801949151110e+00	1.959107017998190e-01	2.505711607558135e-01	2.423216387484307e-01	3.111964986959368e-01
202000	-7.758136905336568e+03	1.207380278382713e+00	1.936924480070101e-01	2.531738539553928e-01	2.483856504376959e-01	3.047480475999011e-01
203000	-7.766572738676594e+03	1.220332201150183e+00	1.871787362782223e-01	2.461982991183246e-01	2.618749170035519e-01	3.047480475999011e-01
204000	-7.753328669426580e+03	1.189889509677964e+00	2.035176884227192e-01	2.572314914756202e-01	2.502863172034126e-01	2.889645028982481e-01
205000	-7.758263887950897e+03	1.205965132620539e+00	2.138046731186766e-01	2.407845908570111e-01	2.371322516181200e-01	3.082784844061922e-01
206000	-7.756008617215518e+03	1.173926595632512e+00	2.028164540776153e-01	2.590148179338688e-01	2.576152982231634e-01	2.805534297653526e-01
207000	-7.795095153647901e+03	1.244590676385743e+00	2.001269960196537e-01	2.455597843247522e-01	2.647621046748105e-01	2.895511149807836e-01
208000	-7.774284359664583e+03	1.263935933613151e+00	2.111633259422503e-01	2.526304883397482e-01	2.571730379323164e-01	2.790331477856853e-01
209000	-7.759764784345343e+03	1.166443256510800e+00	2.004095447857291e-01	2.478002145811610e-01	2.511524372305320e-01	3.006378034025781e-01
210000	-7.757662210324907e+03	1.263864416447125e+00	1.948160712949790e-01	2.454318467177781e-01	2.582469722632439e-01	3.015051097239991e-01
211000	-7.768152057672592e+03	1.265526456091547e+00	1.998624367783124e-01	2.518522979817359e-01	2.536534965456936e-01	2.946317686942582e-01
212000	-7.779234165043552e+03	1.286913431015541e+00	1.998624367783124e-01	2.518522979817359e-01	2.536534965456936e-01	2.946317686942582e-01
213000	-7.768791373776736e+03	1.267751987960310e+00	1.955078200843276e-01	2.443600230655469e-01	2.693141069261145e-01	2.908180499240110e-01
214000	-7.758612818351618e+03	1.227586167687009e+00	1.853032031059021e-01	2.564583655621397e-01	2.582973003731400e-01	2.999411309588180e-01
215000	-7.765684347049810e+03	1.199253898953985e+00	2.001170214816728e-01	2.493917306065027e-01	2.582973003731400e-01	2.921939475386844e-01
216000	-7.751708362561681e+03	1.170220693599475e+00	1.976268094582490e-01	2.425837991024261e-01	2.488073229542891e-01	3.109820684850358e-01
217000	-7.782990939224089e+03	1.302767735276792e+00	1.955214140364490e-01	2.545009503723776e-01	2.552419978796261e-01	2.947356377115471e-01
218000	-7.772528454638251e+03	1.236120066509605e+00	1.945481326921022e-01	2.471171501094044e-01	2.543598446388195e-01	3.039748725596738e-01
219000	-7.774513148893131e+03	1.291291629273133e+00	1.945481326921022e-01	2.590481285859603e-01	2.490868734656411e-01	2.973168652562963e-01
220000	-7.738552644182987e+03	1.247681570060873e+00	1.938718869605861e-01	2.504452043889293e-01	2.550940084681769e-01	3.005889001823078e-01
221000	-7.764483820561118e+03	1.224231740482026e+00	2.100623794474564e-01	2.504973066878195e-01	2.550419061692866e-01	2.843984076954374e-01
222000	-7.765069569816647e+03	1.175259791292484e+00	1.927028049844540e-01	2.466017182983324e-01	2.517556881534996e-01	3.089397885637138e-01
223000	-7.757694338012493e+03	1.200823352396835e+00	2.119828226001692e-01	2.433601651641206e-01	2.537691149415121e-01	2.908878972941982e-01
224000	-7.764091216960724e+03	1.162128981485020e+00	1.993837722670565e-01	2.470245098242064e-01	2.501047702814263e-01	3.034869476273109e-01
225000	-7.770787457391139e+03	1.210044742949927e+00	1.870979952698965e-01	2.415718897689142e-01	2.587499496238881e-01	3.125801653373014e-01
226000	-7.771170384703308e+03	1.172425804922408e+00	1.864560426309710e-01	2.422830477305298e-01	2.778657437557587e-01	2.933951658827403e-01
227000	-7.768329480811486e+03	1.207645263692910e+00	1.943455406568653e-01	2.522161830139322e-01	2.639817332153747e-01	2.894565431138278e-01
228000	-7.753945632581659e+03	1.205661324606994e+00	1.877261823604250e-01	2.452062722292470e-01	2.639817332153747e-01	3.030858121949532e-01
229000	-7.769518982089630e+03	1.231626510178523e+00	2.147880956786334e-01	2.499188274646830e-01	2.532327762596192e-01	2.820603005970644e-01
230000	-7.771852562758416e+03	1.210257451381571e+00	2.040078876359409e-01	2.486168861631316e-01	2.506543420930640e-01	2.967208841078635e-01
231000	-7.791871423388304e+03	1.270862829608245e+00	1.863816529622394e-01	2.410186746563142e-01	2.593101286474278e-01	3.132895437340187e-01
232000	-7.749715571011894e+03	1.220188043406644e+00	1.850895540067710e-01	2.422743019057738e-01	2.500077947410752e-01	3.226283493463801e-01
233000	-7.758960776043960e+03	1.174654935227792e+00	2.106508070424905e-01	2.289209612056082e-01	2.535041881002146e-01	3.069240436516867e-01
234000	-7.756603867476592e+03	1.232177701626182e+00	2.069077330490398e-01	2.469617425941646e-01	2.529370957772484e-01	2.931934285795474e-01
235000	-7.760308977349615e+03	1.211570097637529e+00	2.079752261873607e-01	2.542630881460792e-01	2.506120156695767e-01	2.871496699969834e-01
236000	-7.790525520811231e+03	1.245918237557087e+00	1.974010610054169e-01	2.473294321015141e-01	2.537081619263525e-01	3.015613449667164e-01
237000	-7.757326979748073e+03	1.183287929658323e+00	1.970341707399352e-01	2.606011635472207e-01	2.542020642298753e-01	2.881626014829688e-01
238000	-7.778266917551142e+03	1.269345716163052e+00	1.911208591013485e-01	2.619367461574045e-01	2.554083292656006e-01	2.915340654756463e-01
239000	-7.765043224640861e+03	1.261885795534373e+00	1.974047548018227e-01	2.502532420376196e-01	2.554083292656006e-01	2.969336738949571e-01
240000	-7.760923616058109e+03	1.175674506585767e+00	2.007281579837477e-01	2.430658467656573e-01	2.638040364066641e-01	2.924019588439310e-01
241000	-7.759378769347080e+03	1.215070353527326e+00	2.021894847295589e-01	2.544497534598747e-01	2.430509201812181e-01	3.003098416293482e-01
242000	-7.748928124348292e+03	1.211904218337147e+00	2.019472402688590e-01	2.469234527446116e-01	2.467593489849740e-01	3.043699580015555e-01
243000	-7.756125745855088e+03	1.263930961517126e+00	2.005343727266158e-01	2.429989434229641e-01	2.675803421187056e-01	2.888863417317145e-01
244000	-7.748630917770674e+03	1.256375683328046e+00	1.963787500664033e-01	2.471545660831765e-01	2.616119132531709e-01	2.948547705972492e-01
245000	-7.768402340463131e+03	1.288671061246150e+00	1.913221216716361e-01	2.581968295384497e-01	2.542419113047158e-01	2.962391374851984e-01
246000	-7.755984671898349e+03	1.217888232741533e+00	2.052348404044277e-01	2.420299439910416e-01	2.594292016620997e-01	2.933060139424310e-01
247000	-7.786107339260333e+03	1.284114318317948e+00	1.955701143091526e-01	2.447929728837148e-01	2.490856347238546e-01	3.105512780832780e-01
248000	-7.759300792153831e+03	1.201286593235187e+00	1.996092015684038e-01	2.473551786804822e-01	2.599749391212304e-01	2.930606806298836e-01
249000	-7.787570421904405e+03	1.267235341641994e+00	2.080040296813936e-01	2.672999113985902e-01	2.475406436638364e-01	2.771554152561799e-01
250000	-7.772408468960612e+03	1.171952204767702e+00	2.160691892804591e-01	2.480830281285316e-01	2.420838003684241e-01	2.937639822225851e-01
251000	-7.780810979902421e+03	1.156112022877175e+00	2.065973378002084e-01	2.386745577278202e-01	2.647053662585044e-01	2.900227382134669e-01
252000	-7.771088989988532e+03	1.249733141058737e+00	1.897169106403455e-01	2.485469977176157e-01	2.641591877821592e-01	2.975769038598794e-01
253000	-7.764700656392260e+03	1.181650101255658e+00	2.059701951760194e-01	2.368250105370617e-01	2.437638559634458e-01	3.134409383234730e-01
254000	-7.750777884938684e+03	1.134833979485264e+00	2.072231090184906e-01	2.443263032992917e-01	2.514905164634973e-01	2.969600712187205e-01
255000	-7.754581007971296e+03	1.228466394561468e+00	2.070862797701501e-01	2.481227338124460e-01	2.643498952968136e-01	2.804410911205903e-01
256000	-7.761775788624203e+03	1.186129777258855e+00	2.040989547922576e-01	2.488728616144079e-01	2.514230635429081e-01	2.956051200504265e-01
257000	-7.751087175684872e+03	1.239258885792963e+00	1.931599458267643e-01	2.561060733524853e-01	2.530824545709102e-01	2.976515262498404e-01
258000	-7.748360593092460e+03	1.217299645786313e+00	1.955918880089906e-01	2.487578008721260e-01	2.484032824498743e-01	3.072470286690094e-01
259000	-7.750269732661041e+03	1.196519451942698e+00	2.080711177763317e-01	2.451977732337523e-01	2.468047939192244e-01	2.999263150706915e-01
260000	-7.737959941957452e+03	1.232243509788575e+00	2.088234822263946e-01	2.510600355121277e-01	2.522993788125432e-01	2.878171034489345e-01
261000	-7.752018204409780e+03	1.207574162557460e+00	2.008401167692130e-01	2.594588943478990e-01	2.514025422730121e-01	2.882984466098759e-01
262000	-7.756474067841506e+03	1.209184245227188e+00	2.010996954875883e-01	2.404899353869190e-01	2.533324795973981e-01	3.050778895280948e-01
263000	-7.755409017576458e+03	1.254118297055285e+00	1.988311111839083e-01	2.518131873952304e-01	2.484946968299201e-01	3.008610045909411e-01
264000	-7.754757457923545e+03	1.195146450630505e+00	2.011602847742631e-01	2.419749617874514e-01	2.583464976717781e-01	2.985182557665074e-01
265000	-7.768198656707374e+03	1.270617732139769e+00	2.011602847742631e-01	2.477390094537808e-01	2.625032174844750e-01	2.885974882874811e-01
266000	-7.771013498171035e+03	1.288794618844574e+00	1.972950788712574e-01	2.523312628854312e-01	2.756787755639006e-01	2.746948826794109e-01
267000	-7.767478732588552e+03	1.229719927929905e+00	1.982675247054968e-01	2.529256226809251e-01	2.343227383327439e-01	3.144841142808343e-01
268000	-7.768741373314097e+03	1.284610944407208e+00	2.026770453777770e-01	2.472792270104682e-01	2.511419206712315e-01	2.989018069405233e-01
269000	-7.774949701929177e+03	1.298611385173502e+00	2.163116340703884e-01	2.629362062109082e-01	2.410444626579490e-01	2.797076970607545e-01
270000	-7.785614013389839e+03	1.240734514475281e+00	1.958500454483410e-01	2.431273053672289e-01	2.511977374418656e-01	3.098249117425645e-01
271000	-7.758351489347797e+03	1.231414871208504e+00	1.884585854112113e-01	2.467931389773146e-01	2.443849927884352e-01	3.203632828230391e-01
272000	-7.737787073762073e+03	1.184252567539894e+00	1.920994020622817e-01	2.572305702916887e-01	2.533624498772188e-01	2.973075777688109e-01
273000	-7.750607789173863e+03	1.244239762738167e+00	1.925540944818943e-01	2.462906175747048e-01	2.760736264098909e-01	2.850816615335100e-01
274000	-7.764896953094950e+03	1.257508970436542e+00	2.043278796875189e-01	2.473300658168679e-01	2.467815130482493e-01	3.015605414473640e-01
275000	-7.750043488845994e+03	1.194773962655885e+00	2.073338380313860e-01	2.474107217381910e-01	2.427629174147544e-01	3.024925228156685e-01
276000	-7.763710755229809e+03	1.246512776842274e+00	2.015880755668381e-01	2.506069288984226e-01	2.535197799105143e-01	2.942852156242251e-01
277000	-7.734248034967498e+03	1.161821749352722e+00	1.995619291838426e-01	2.452083445630324e-01	2.499018083946725e-01	3.053279178584525e-01
278000	-7.751301391720704e+03	1.237024515746149e+00	1.955559757494494e-01	2.458667648102714e-01	2.539903871924925e-01	3.045868722477866e-01
279000	-7.746315424798076e+03	1.210836999429863e+00	2.024928111802849e-01	2.453234152674093e-01	2.672017658983775e-01	2.849820076539284e-01
280000	-7.743455133299177e+03	1.201529220238507e+00	2.090058111596066e-01	2.429616105235213e-01	2.562355050973842e-01	2.917970732194879e-01
281000	-7.754578590399547e+03	1.204797715327893e+00	1.992011678045050e-01	2.578106495322579e-01	2.494428990790401e-01	2.935452835841970e-01
282000	-7.749102389697541e+03	1.164061613811056e+00	2.068866930291686e-01	2.593696298266924e-01	2.407719667292783e-01	2.929717104148609e-01
283000	-7.755812152373984e+03	1.219206055681086e+00	1.928317748773425e-01	2.632721681222968e-01	2.413251245006180e-01	3.025709324997428e-01
284000	-7.746612881315928e+03	1.215905717050533e+00	2.035216519917671e-01	2.549256386595986e-01	2.450651613471340e-01	2.964875480015003e-01
285000	-7.744094499924416e+03	1.169742812760094e+00	1.911160599900337e-01	2.522404782890239e-01	2.657586694142214e-01	2.908847923067209e-01
