[ID: 7221362421]
Gen	LnL	TL	pi(A)	pi(C)	pi(G)	pi(T)
0	-1.809240526162379e+04	2.389999999999993e+00	2.500000000000000e-01	2.500000000000000e-01	2.500000000000000e-01	2.500000000000000e-01
1000	-1.277135432443824e+04	1.652024399561065e+00	1.938265737979656e-01	2.659712731063374e-01	2.356586791123246e-01	3.045434739833726e-01
2000	-1.099362434987767e+04	1.430313799808222e+00	1.952228802908610e-01	2.547909699555762e-01	2.539755948525553e-01	2.960105549010075e-01
3000	-9.807407917250621e+03	1.289986652450633e+00	2.029826102295829e-01	2.612607600697569e-01	2.471886393530309e-01	2.885679903476294e-01
4000	-8.983958785613584e+03	1.312096187915948e+00	2.029826102295829e-01	2.464424490975780e-01	2.620069503252098e-01	2.885679903476294e-01
5000	-8.597460363765984e+03	1.195613375209739e+00	1.965731294763115e-01	2.464852687676087e-01	2.679644725410004e-01	2.889771292150794e-01
6000	-8.402471939256016e+03	1.200438938758347e+00	1.985503760024490e-01	2.379836021764151e-01	2.522464640029406e-01	3.112195578181954e-01
7000	-8.175140892860522e+03	1.294732621666109e+00	1.996304793712900e-01	2.384346156382332e-01	2.477214557672464e-01	3.142134492232304e-01
8000	-8.134736957801592e+03	1.263244058729643e+00	2.049531802416367e-01	2.565731820125095e-01	2.565064338016605e-01	2.819672039441933e-01
9000	-8.078777912379600e+03	1.266774522812648e+00	1.983081314738484e-01	2.523949604215257e-01	2.598252118432838e-01	2.894716962613421e-01
10000	-7.979471994603727e+03	1.249842798744279e+00	2.021357884703752e-01	2.371373195263908e-01	2.446725551885979e-01	3.160543368146359e-01
11000	-7.926545816409285e+03	1.261501812544729e+00	1.876375485572736e-01	2.576020320253665e-01	2.506109015594878e-01	3.041495178578719e-01
12000	-7.862578816036110e+03	1.244550533169716e+00	2.067049978143020e-01	2.541243115388390e-01	2.374910045236189e-01	3.016796861232401e-01
13000	-7.863587424544291e+03	1.306075834191905e+00	2.037789157740492e-01	2.546125257600699e-01	2.446201614008811e-01	2.969883970649999e-01
14000	-7.829850785491513e+03	1.199115224899482e+00	2.076686061533690e-01	2.390305508614670e-01	2.436670744082482e-01	3.096337685769159e-01
15000	-7.842079423671409e+03	1.232269000765577e+00	2.061147103657837e-01	2.490732601036087e-01	2.311478064560766e-01	3.136642230745309e-01
16000	-7.831631975703585e+03	1.238702304777493e+00	1.932756942434506e-01	2.496835760509642e-01	2.565166391468329e-01	3.005240905587523e-01
17000	-7.805750750043840e+03	1.237644977834559e+00	2.130598871704877e-01	2.368710008166829e-01	2.579922406207164e-01	2.920768713921131e-01
18000	-7.817572233436586e+03	1.285391619591427e+00	2.088468506571783e-01	2.610186303333528e-01	2.548647519841871e-01	2.752697670252818e-01
19000	-7.790694458797723e+03	1.243065697232111e+00	2.030422681481423e-01	2.485631028142576e-01	2.595549038421044e-01	2.888397251954957e-01
20000	-7.796428479613152e+03	1.156437793486531e+00	1.882910698180525e-01	2.466784186748468e-01	2.634706199363456e-01	3.015598915707551e-01
21000	-7.799189183584660e+03	1.239049813306647e+00	1.936621183433291e-01	2.564853386218560e-01	2.446504612195310e-01	3.052020818152839e-01
22000	-7.791030718657088e+03	1.226356388014884e+00	1.871023141669778e-01	2.659118226839096e-01	2.378216927681154e-01	3.091641703809971e-01
23000	-7.770595594102806e+03	1.152739467855955e+00	1.961754364800219e-01	2.549612544804459e-01	2.438432103901796e-01	3.050200986493525e-01
24000	-7.789325311685824e+03	1.182570271655861e+00	1.982243870587687e-01	2.509378608092964e-01	2.562839939377713e-01	2.945537581941637e-01
25000	-7.786197338946748e+03	1.265644933303574e+00	1.946924472385259e-01	2.617999650793967e-01	2.411044196485503e-01	3.024031680335271e-01
26000	-7.769383645637819e+03	1.210474462887310e+00	1.822419013897503e-01	2.665068044590650e-01	2.444597547454958e-01	3.067915394056889e-01
27000	-7.750825583986931e+03	1.193262936632355e+00	1.809793255224332e-01	2.752348835946169e-01	2.435529126933075e-01	3.002328781896424e-01
28000	-7.730032716107504e+03	1.205197619209386e+00	1.909128157794675e-01	2.691140243563205e-01	2.353427351115790e-01	3.046304247526329e-01
29000	-7.737848650470300e+03	1.182007225004016e+00	1.836894189405112e-01	2.414426291184379e-01	2.759296421174392e-01	2.989383098236117e-01
30000	-7.756296669314336e+03	1.282132982744379e+00	2.093071395953430e-01	2.485982542653082e-01	2.574946064600009e-01	2.845999996793480e-01
31000	-7.744839455986757e+03	1.167160052375349e+00	1.857188740674469e-01	2.472775129317753e-01	2.458260478717081e-01	3.211775651290695e-01
32000	-7.744155552167473e+03	1.198938022503985e+00	2.074443325020641e-01	2.520651906384123e-01	2.519276736479453e-01	2.885628032115784e-01
33000	-7.735140535260442e+03	1.182525357329990e+00	2.074443325020641e-01	2.520651906384123e-01	2.519276736479453e-01	2.885628032115784e-01
34000	-7.757259194541058e+03	1.241135055735774e+00	2.073239424724836e-01	2.439965987799743e-01	2.548702779565349e-01	2.938091807910069e-01
35000	-7.765827782286196e+03	1.212860616529054e+00	2.143382766079376e-01	2.535644391400379e-01	2.515239018834530e-01	2.805733823685715e-01
36000	-7.777066892350070e+03	1.264213724607235e+00	2.035684445609891e-01	2.492387921973298e-01	2.494556451559224e-01	2.977371180857585e-01
37000	-7.755551201071805e+03	1.247757366864169e+00	1.935072386624242e-01	2.613585752971720e-01	2.473970679546451e-01	2.977371180857585e-01
38000	-7.756624663745380e+03	1.215845825341000e+00	2.004492474468736e-01	2.421450382853128e-01	2.672706066060378e-01	2.901351076617757e-01
39000	-7.774762153913695e+03	1.280740276300407e+00	1.973199998343266e-01	2.646435018797585e-01	2.477448994570792e-01	2.902915988288357e-01
40000	-7.772267583279887e+03	1.251110277903063e+00	2.036349049165468e-01	2.497404621586181e-01	2.413477119943032e-01	3.052769209305319e-01
41000	-7.777232145915427e+03	1.239132844234470e+00	1.954510970835245e-01	2.481654610555098e-01	2.422279154966763e-01	3.141555263642894e-01
42000	-7.760893250444892e+03	1.208005185154962e+00	2.041349312867179e-01	2.394816268523164e-01	2.422279154966763e-01	3.141555263642894e-01
43000	-7.786394839628970e+03	1.281353702740705e+00	2.106185401842945e-01	2.479870629559826e-01	2.603445279735529e-01	2.810498688861701e-01
44000	-7.773805383518884e+03	1.208656633962544e+00	1.974511224998343e-01	2.502460885791680e-01	2.470958248903307e-01	3.052069640306668e-01
45000	-7.791349263872698e+03	1.265556046823263e+00	2.021455134356101e-01	2.611813487015130e-01	2.424014339545549e-01	2.942717039083217e-01
46000	-7.777807615110160e+03	1.243084052614318e+00	2.095661981228637e-01	2.536223849632314e-01	2.432641662718503e-01	2.935472506420546e-01
47000	-7.765922897354177e+03	1.212595231580229e+00	2.026179699455793e-01	2.403996779282841e-01	2.507671240887231e-01	3.062152280374135e-01
48000	-7.774957683366879e+03	1.218259722038313e+00	2.026179699455793e-01	2.448845442633638e-01	2.507671240887231e-01	3.017303617023338e-01
49000	-7.800895143278008e+03	1.306583427948365e+00	2.129187965305803e-01	2.529350317355940e-01	2.526707184907983e-01	2.814754532430277e-01
50000	-7.767402266093812e+03	1.172539085773725e+00	2.071249283532199e-01	2.433586095421866e-01	2.581784236215907e-01	2.913380384830028e-01
51000	-7.756903891781911e+03	1.215648210985275e+00	1.958991450733903e-01	2.424345375626824e-01	2.541151969625804e-01	3.075511204013470e-01
52000	-7.739571884573227e+03	1.157002577822755e+00	1.904977713615329e-01	2.561348889117769e-01	2.595442568722786e-01	2.938230828544117e-01
53000	-7.763108002646228e+03	1.186077546313651e+00	1.965689367311957e-01	2.546006866056472e-01	2.447613220233295e-01	3.040690546398275e-01
54000	-7.780516648795727e+03	1.251807273303587e+00	1.962164803456990e-01	2.494929163449946e-01	2.537192774023557e-01	3.005713259069508e-01
55000	-7.768915481484557e+03	1.250568898220393e+00	2.054633200804433e-01	2.494929163449946e-01	2.563513627474563e-01	2.886924008271058e-01
56000	-7.758967422598354e+03	1.211744897122270e+00	1.955407590169430e-01	2.557676244445654e-01	2.487792636778338e-01	2.999123528606576e-01
57000	-7.764442151555962e+03	1.222792806076761e+00	2.110240630045628e-01	2.497593221218620e-01	2.378741537875736e-01	3.013424610860017e-01
58000	-7.753101382943345e+03	1.188930802002897e+00	1.990396118743096e-01	2.606657188752403e-01	2.453942689716843e-01	2.949004002787658e-01
59000	-7.761431673791435e+03	1.234656944999938e+00	2.034521466416489e-01	2.477561927809622e-01	2.557833879025449e-01	2.930082726748439e-01
60000	-7.753616413403524e+03	1.219016639879943e+00	1.984904142397615e-01	2.538917092063375e-01	2.502109006953510e-01	2.974069758585500e-01
61000	-7.761658581162298e+03	1.230692909618174e+00	1.948198389322285e-01	2.424235406035102e-01	2.536454416053333e-01	3.091111788589280e-01
62000	-7.772137356364893e+03	1.288606433753277e+00	1.882564919273954e-01	2.480956548220313e-01	2.548216374857520e-01	3.088262157648212e-01
63000	-7.766482934308008e+03	1.197963322565413e+00	1.968173985777098e-01	2.494414261982178e-01	2.700665404461150e-01	2.836746347779574e-01
64000	-7.753280737083911e+03	1.209160124597206e+00	2.115444584041911e-01	2.405771450608084e-01	2.418036569308459e-01	3.060747396041547e-01
65000	-7.751214309369570e+03	1.232803344116294e+00	2.052699776840653e-01	2.402428144562006e-01	2.492310899390736e-01	3.052561179206605e-01
66000	-7.752506613403811e+03	1.272811650053948e+00	2.052699776840653e-01	2.454284087834743e-01	2.569565667863235e-01	2.923450467461369e-01
67000	-7.769069872776021e+03	1.247740461612028e+00	2.004309032050772e-01	2.470085936232219e-01	2.455552279826801e-01	3.070052751890208e-01
68000	-7.772280910927748e+03	1.284949479142553e+00	2.035459045473290e-01	2.622469154066872e-01	2.420017457813987e-01	2.922054342645851e-01
69000	-7.768916860797775e+03	1.254967396295090e+00	1.932016356590840e-01	2.587668591129424e-01	2.497728018775929e-01	2.982587033503806e-01
70000	-7.751002284251532e+03	1.229894342731638e+00	1.932016356590840e-01	2.365650514320164e-01	2.719746095585188e-01	2.982587033503806e-01
71000	-7.747558903908232e+03	1.190581340645747e+00	2.084723197915968e-01	2.400976627832282e-01	2.490989402914059e-01	3.023310771337692e-01
72000	-7.751953211827744e+03	1.180721537338456e+00	1.975072613851220e-01	2.385079288047431e-01	2.561961178063714e-01	3.077886920037636e-01
73000	-7.749088258849096e+03	1.201140232517913e+00	2.027985483160058e-01	2.471846139133818e-01	2.556004329503939e-01	2.944164048202185e-01
74000	-7.753629945645531e+03	1.232665797010131e+00	2.076633083186404e-01	2.488516128836545e-01	2.512226203986941e-01	2.922624583990109e-01
75000	-7.759433336425198e+03	1.223745907292583e+00	2.076633083186404e-01	2.488516128836545e-01	2.512226203986941e-01	2.922624583990109e-01
76000	-7.769205477812072e+03	1.201923382460726e+00	1.999931645130174e-01	2.488516128836545e-01	2.512226203986941e-01	2.999326022046339e-01
77000	-7.748682276312582e+03	1.244328683307228e+00	2.039366223539307e-01	2.417576407160553e-01	2.512226203986941e-01	3.030831165313198e-01
78000	-7.739186640371094e+03	1.207966821736690e+00	1.925135786094766e-01	2.734954122081136e-01	2.455465867279100e-01	2.884444224544999e-01
79000	-7.746098538760116e+03	1.222449445487549e+00	2.046331042651203e-01	2.673895612916316e-01	2.397944494188651e-01	2.881828850243831e-01
80000	-7.757667761995019e+03	1.268026071273701e+00	2.008184036094878e-01	2.471597609162887e-01	2.639630926979832e-01	2.880587427762403e-01
81000	-7.747826992535158e+03	1.157079254161934e+00	1.977289753886059e-01	2.437366602450476e-01	2.683007824221583e-01	2.902335819441882e-01
82000	-7.753408083467462e+03	1.184042587872073e+00	1.925079343905007e-01	2.606542277805108e-01	2.314350808757302e-01	3.154027569532585e-01
83000	-7.751456009273885e+03	1.198305043694639e+00	2.076762156708238e-01	2.534230892375786e-01	2.433772393157300e-01	2.955234557758676e-01
84000	-7.757986414124356e+03	1.245692638109668e+00	2.042197334426522e-01	2.568795714657501e-01	2.475350999473771e-01	2.913655951442206e-01
85000	-7.777565564977676e+03	1.306906481552203e+00	2.052456869037844e-01	2.542603224713760e-01	2.489222309405954e-01	2.915717596842441e-01
86000	-7.763313885058235e+03	1.237892206057605e+00	1.953489874009793e-01	2.438942591468244e-01	2.658480944970244e-01	2.949086589551718e-01
87000	-7.758173618655487e+03	1.247201248138008e+00	2.074837410343578e-01	2.520283679353051e-01	2.537133408636458e-01	2.867745501666911e-01
88000	-7.758736466272749e+03	1.205141887628596e+00	2.074837410343578e-01	2.520283679353051e-01	2.537133408636458e-01	2.867745501666911e-01
89000	-7.763423590733266e+03	1.213501730890352e+00	2.045894213864499e-01	2.557966239693705e-01	2.468961036505924e-01	2.927178509935873e-01
90000	-7.775402856194791e+03	1.238695871313214e+00	2.055520834619045e-01	2.411207094944145e-01	2.563901765101215e-01	2.969370305335594e-01
91000	-7.755833034844971e+03	1.246870053584896e+00	2.055520834619045e-01	2.480093780994703e-01	2.495015079050658e-01	2.969370305335594e-01
92000	-7.756952189453082e+03	1.201542183993546e+00	1.953026345021222e-01	2.682131221493662e-01	2.409865023647899e-01	2.954977409837217e-01
93000	-7.751879229793723e+03	1.183955139507666e+00	1.988171190560349e-01	2.596934648997291e-01	2.434446066900793e-01	2.980448093541568e-01
94000	-7.766772981449443e+03	1.276839908906760e+00	1.984519493238006e-01	2.608889139998207e-01	2.438656758394531e-01	2.967934608369257e-01
95000	-7.772974693371311e+03	1.231400186686947e+00	1.961100275474304e-01	2.633243578958844e-01	2.523336366060306e-01	2.882319779506545e-01
96000	-7.748605237230052e+03	1.170671882550634e+00	1.961100275474304e-01	2.551747104787129e-01	2.523336366060306e-01	2.963816253678261e-01
97000	-7.746839207409919e+03	1.222173055866058e+00	1.988341972746958e-01	2.639711722502104e-01	2.388514361548754e-01	2.983431943202183e-01
98000	-7.755616396833951e+03	1.255230585549860e+00	2.053479684584484e-01	2.558755034822180e-01	2.601518505213702e-01	2.786246775379634e-01
99000	-7.747601262780939e+03	1.220003192826721e+00	1.963772193890521e-01	2.400114811613335e-01	2.510045615073519e-01	3.126067379422626e-01
100000	-7.741965642212186e+03	1.196862172045502e+00	1.991261471217651e-01	2.542800853835080e-01	2.524826674955263e-01	2.941110999992005e-01
101000	-7.761752793834198e+03	1.247887372031555e+00	2.041494258855994e-01	2.498822452686636e-01	2.511555145843858e-01	2.948128142613512e-01
102000	-7.745934916695302e+03	1.202594621010244e+00	1.892530642792043e-01	2.585767679001645e-01	2.512888060538859e-01	3.008813617667453e-01
103000	-7.780874591598630e+03	1.273318856504344e+00	1.841843204392842e-01	2.603660358322178e-01	2.642426339449700e-01	2.912070097835280e-01
104000	-7.787367886803579e+03	1.227103739084248e+00	2.012958094137570e-01	2.435805012006349e-01	2.660541957804128e-01	2.890694936051952e-01
105000	-7.798476289022397e+03	1.223528729104118e+00	2.092625161302442e-01	2.554312922062361e-01	2.363724254650872e-01	2.989337661984324e-01
106000	-7.776686327906086e+03	1.227793628392040e+00	1.968992946834952e-01	2.584695379480355e-01	2.429078463043313e-01	3.017233210641381e-01
107000	-7.774936601973995e+03	1.276355195553043e+00	1.998762789746748e-01	2.547242014876897e-01	2.569688332211226e-01	2.884306863165129e-01
108000	-7.748404937328504e+03	1.218847180913321e+00	1.926028226490886e-01	2.493929558342440e-01	2.570805970261164e-01	3.009236244905510e-01
109000	-7.759593874907328e+03	1.203701728902311e+00	1.924854246380207e-01	2.518688350620781e-01	2.417023826374863e-01	3.139433576624148e-01
110000	-7.761196289794123e+03	1.179996852806450e+00	1.912433128805893e-01	2.489157592608317e-01	2.613421625062158e-01	2.984987653523631e-01
111000	-7.754600001667260e+03	1.211332249881036e+00	1.961729213609373e-01	2.489157592608317e-01	2.564125540258679e-01	2.984987653523631e-01
112000	-7.771494103452106e+03	1.261142731097536e+00	1.776374909386409e-01	2.444476165138077e-01	2.631476631216639e-01	3.147672294258876e-01
113000	-7.758047281873396e+03	1.216839478149410e+00	1.938984950435178e-01	2.588798869277671e-01	2.483997497987198e-01	2.988218682299952e-01
114000	-7.771041471331925e+03	1.225177145410662e+00	1.890422683894371e-01	2.584743822953484e-01	2.610094200371381e-01	2.914739292780764e-01
115000	-7.752653221849099e+03	1.237624451570858e+00	2.076751166590999e-01	2.528938744990246e-01	2.512862618437627e-01	2.881447469981127e-01
116000	-7.761838038260581e+03	1.213546515404072e+00	2.083744724697811e-01	2.350622125831873e-01	2.430972381855697e-01	3.134660767614618e-01
117000	-7.759903855408797e+03	1.221458024911569e+00	2.015990459891918e-01	2.349853816119897e-01	2.550640885266052e-01	3.083514838722132e-01
118000	-7.755702160894582e+03	1.249602307737500e+00	2.069629077418488e-01	2.439213898309444e-01	2.604099811944760e-01	2.887057212327310e-01
119000	-7.741642586976758e+03	1.244167535342539e+00	2.069629077418488e-01	2.518100463190691e-01	2.525213247063514e-01	2.887057212327310e-01
120000	-7.764319096023881e+03	1.228357500225915e+00	2.007189270798552e-01	2.450224468967176e-01	2.608054677363435e-01	2.934531582870837e-01
121000	-7.745008477661920e+03	1.193655155305878e+00	1.898619799823006e-01	2.391842345449469e-01	2.647990009315958e-01	3.061547845411567e-01
122000	-7.742782871769388e+03	1.190401187385395e+00	1.887230487362662e-01	2.488580718740120e-01	2.518305616302275e-01	3.105883177594944e-01
123000	-7.750571563917748e+03	1.243689550752358e+00	2.053239715691133e-01	2.581690880106550e-01	2.407621943953397e-01	2.957447460248920e-01
124000	-7.736747102973810e+03	1.180151664179814e+00	2.045950966616171e-01	2.529049714117857e-01	2.475269984664308e-01	2.949729334601663e-01
125000	-7.763316018542472e+03	1.259237223328219e+00	1.895868918324160e-01	2.665914499003240e-01	2.527693329100296e-01	2.910523253572303e-01
126000	-7.747682964703136e+03	1.228001322796942e+00	2.118583396341877e-01	2.529032172512319e-01	2.357309024678212e-01	2.995075406467592e-01
127000	-7.740771512725373e+03	1.134469840261729e+00	2.008800306963526e-01	2.366652383204721e-01	2.728850074202410e-01	2.895697235629343e-01
128000	-7.773457580204275e+03	1.276104462964224e+00	2.092287142703788e-01	2.551734805024859e-01	2.599434752910129e-01	2.756543299361224e-01
129000	-7.764947265002605e+03	1.249696576788825e+00	2.136617053032364e-01	2.449948146275373e-01	2.667114567542395e-01	2.746320233149867e-01
130000	-7.774349665439912e+03	1.220383315321636e+00	2.136239318832651e-01	2.485888025824792e-01	2.374757662623601e-01	3.003114992718955e-01
131000	-7.780694264737343e+03	1.288425989254882e+00	2.066387763123347e-01	2.636598690714974e-01	2.374757662623601e-01	2.922255883538077e-01
132000	-7.778251772228642e+03	1.267291890588090e+00	1.896608167850775e-01	2.460590142212226e-01	2.702586336839299e-01	2.940215353097700e-01
133000	-7.772896737149669e+03	1.245954816328941e+00	1.896608167850775e-01	2.623950870994272e-01	2.519445764388804e-01	2.959995196766150e-01
134000	-7.745474288985046e+03	1.157943585226437e+00	1.877643432735423e-01	2.385656651934107e-01	2.625745051762196e-01	3.110954863568275e-01
135000	-7.774914680399757e+03	1.269144288052428e+00	2.060979223049643e-01	2.397504525964032e-01	2.581281652330268e-01	2.960234598656058e-01
136000	-7.774004993830378e+03	1.225011263798077e+00	1.973354933477686e-01	2.536309684298337e-01	2.548178875545523e-01	2.942156506678454e-01
137000	-7.754925561880998e+03	1.181052139235290e+00	1.954212751985588e-01	2.582399452988320e-01	2.472391966079729e-01	2.990995828946362e-01
138000	-7.751786480629651e+03	1.176877328270113e+00	1.789115903876460e-01	2.589102534431943e-01	2.535923957547753e-01	3.085857604143843e-01
139000	-7.758856874658525e+03	1.244882714662376e+00	1.987453994896649e-01	2.549934428067831e-01	2.504931243515289e-01	2.957680333520231e-01
140000	-7.755624915763437e+03	1.197576886529066e+00	2.016538371657822e-01	2.537253649900225e-01	2.669903853529367e-01	2.776304124912585e-01
141000	-7.750832561016155e+03	1.217542400404216e+00	2.047119779883793e-01	2.470158916860422e-01	2.457529272465748e-01	3.025192030790037e-01
142000	-7.769841690829077e+03	1.276474243224899e+00	2.056706457876265e-01	2.446437507159480e-01	2.439036733724874e-01	3.057819301239381e-01
143000	-7.755723962941579e+03	1.211326009839518e+00	1.942360984027725e-01	2.543708199239020e-01	2.630409507137301e-01	2.883521309595953e-01
144000	-7.772810650641314e+03	1.203767416015205e+00	1.976496563297407e-01	2.664203051446529e-01	2.546050536387789e-01	2.813249848868276e-01
145000	-7.751865253621473e+03	1.279387196214036e+00	2.010807769469597e-01	2.602734294707167e-01	2.531877137403409e-01	2.854580798419827e-01
146000	-7.740287322510219e+03	1.186204838691119e+00	1.931535471038558e-01	2.492373642438523e-01	2.398907538583626e-01	3.177183347939294e-01
147000	-7.735216605474147e+03	1.236350879914562e+00	1.892576658695959e-01	2.385776080554791e-01	2.593032638586112e-01	3.128614622163139e-01
148000	-7.753378221975137e+03	1.235729414171659e+00	1.923656116359199e-01	2.715498556192330e-01	2.354526309183355e-01	3.006319018265115e-01
149000	-7.746064114299801e+03	1.216151421315045e+00	1.923656116359199e-01	2.628648024044329e-01	2.354526309183355e-01	3.093169550413116e-01
150000	-7.744479894403171e+03	1.248869488875510e+00	1.949587528533571e-01	2.419674096706809e-01	2.538433044448345e-01	3.092305330311275e-01
151000	-7.732934598244414e+03	1.241034635952779e+00	2.034710889870729e-01	2.628384475933008e-01	2.434347694302347e-01	2.902556939893914e-01
152000	-7.750815580771817e+03	1.252307369615039e+00	2.099764021418137e-01	2.574857738954408e-01	2.422146909862776e-01	2.903231329764679e-01
153000	-7.755168728132358e+03	1.243930039394310e+00	1.962547686389117e-01	2.414117073870293e-01	2.701028502596146e-01	2.922306737144446e-01
154000	-7.763097452256492e+03	1.252606871453349e+00	1.941663970991383e-01	2.547274672442555e-01	2.504947985762179e-01	3.006113370803881e-01
155000	-7.758705901305649e+03	1.255874286794989e+00	1.941663970991383e-01	2.465103330809194e-01	2.587119327395541e-01	3.006113370803881e-01
156000	-7.774353855273807e+03	1.242383725134430e+00	2.041203367171330e-01	2.465103330809194e-01	2.487579931215594e-01	3.006113370803881e-01
157000	-7.787794780154799e+03	1.254373874326181e+00	2.096722081798120e-01	2.301505127538857e-01	2.340453092078233e-01	3.261319698584790e-01
158000	-7.781832496023394e+03	1.204517500311354e+00	2.096722081798120e-01	2.301505127538857e-01	2.340453092078233e-01	3.261319698584790e-01
159000	-7.779455128472951e+03	1.215546034940818e+00	2.038808284179221e-01	2.605768911247380e-01	2.413486364092613e-01	2.941936440480786e-01
160000	-7.755737074538612e+03	1.204914128388152e+00	2.025690740515236e-01	2.452222375488862e-01	2.473182188402325e-01	3.048904695593577e-01
161000	-7.768179490984939e+03	1.258458902895601e+00	2.009899492999681e-01	2.462618061192797e-01	2.484335750341624e-01	3.043146695465899e-01
162000	-7.754359534519423e+03	1.166278411306754e+00	1.908710998348100e-01	2.531015295807320e-01	2.449536638366700e-01	3.110737067477880e-01
163000	-7.773479418928751e+03	1.204723354472598e+00	1.856748550031579e-01	2.544616381289720e-01	2.621530562405991e-01	2.977104506272709e-01
164000	-7.760617991717178e+03	1.184068307743990e+00	2.022495912473761e-01	2.595372007344862e-01	2.395639618143299e-01	2.986492462038079e-01
165000	-7.766317727448335e+03	1.249341046580113e+00	2.022717157015355e-01	2.584305840569344e-01	2.459708138304622e-01	2.933268864110679e-01
166000	-7.744569907962861e+03	1.247604728822389e+00	1.884618148367168e-01	2.584305840569344e-01	2.597807146952810e-01	2.933268864110679e-01
167000	-7.761977253172957e+03	1.278350751732246e+00	1.986015511271678e-01	2.389903494523589e-01	2.660753043020151e-01	2.963327951184582e-01
168000	-7.761807402238506e+03	1.210458488808064e+00	2.012583124287716e-01	2.643363576329567e-01	2.386187202005496e-01	2.957866097377223e-01
169000	-7.758693295223466e+03	1.179809740690761e+00	1.947934719179718e-01	2.687827562012443e-01	2.344279730271673e-01	3.019957988536169e-01
170000	-7.765978971093810e+03	1.196277224314318e+00	1.866137929555366e-01	2.590603715725145e-01	2.430896783438412e-01	3.112361571281075e-01
171000	-7.775156356287882e+03	1.296118664536983e+00	1.892944144776562e-01	2.389379719643469e-01	2.663028458935454e-01	3.054647676644514e-01
172000	-7.739905405794521e+03	1.173996109739734e+00	1.822063528601847e-01	2.567953013577619e-01	2.519867668965117e-01	3.090115788855417e-01
173000	-7.757466336079339e+03	1.266135468835643e+00	1.977314720670092e-01	2.599648361305016e-01	2.477252394682390e-01	2.945784523342503e-01
174000	-7.767819534190009e+03	1.282228435175792e+00	1.934579343989523e-01	2.454123303088065e-01	2.665512829579910e-01	2.945784523342503e-01
175000	-7.757936218433492e+03	1.200043143843566e+00	1.954018847800824e-01	2.590855814757128e-01	2.545892872273526e-01	2.909232465168523e-01
176000	-7.750194577216479e+03	1.189709468682705e+00	1.899608693457009e-01	2.514268094153174e-01	2.490611736398957e-01	3.095511475990862e-01
177000	-7.779274996130455e+03	1.268902618725033e+00	2.087767875841711e-01	2.605419540249786e-01	2.466374558031671e-01	2.840438025876832e-01
178000	-7.772596046903023e+03	1.211329379576478e+00	2.040805943913355e-01	2.596642092174411e-01	2.616186369503941e-01	2.746365594408294e-01
179000	-7.774805885798874e+03	1.269293966493204e+00	2.163193277661822e-01	2.556252653215498e-01	2.473914882085869e-01	2.806639187036811e-01
180000	-7.779861136616660e+03	1.255054796169717e+00	2.071241978619650e-01	2.473625902554892e-01	2.448890409420075e-01	3.006241709405383e-01
181000	-7.775430776497444e+03	1.188827930099894e+00	1.900936963218580e-01	2.570194876937703e-01	2.677664724501614e-01	2.851203435342103e-01
182000	-7.762685103842172e+03	1.206442122540892e+00	1.994651412292599e-01	2.565056143101890e-01	2.355443445496919e-01	3.084848999108590e-01
183000	-7.783894632457297e+03	1.248032830212487e+00	1.951463376768806e-01	2.529904289715384e-01	2.533915062554091e-01	2.984717270961718e-01
184000	-7.786826485144477e+03	1.189061974309721e+00	1.952351995963999e-01	2.732517127229062e-01	2.475170464274345e-01	2.839960412532594e-01
185000	-7.772214871525613e+03	1.212247480845735e+00	2.054387751046902e-01	2.630194305018841e-01	2.382808495994923e-01	2.932609447939335e-01
186000	-7.767462993472737e+03	1.173752128385232e+00	1.892913310590054e-01	2.447679926226221e-01	2.671414711163675e-01	2.987992052020052e-01
187000	-7.787164986451850e+03	1.289907233975270e+00	1.908024938962017e-01	2.492488015752465e-01	2.575756790135889e-01	3.023730255149631e-01
188000	-7.763333678126161e+03	1.245397685445036e+00	1.964981289567586e-01	2.445565336812069e-01	2.777475661436224e-01	2.811977712184122e-01
189000	-7.756190051949467e+03	1.247711155254377e+00	2.080537772333926e-01	2.410802374678580e-01	2.405103706520071e-01	3.103556146467423e-01
190000	-7.740088394668421e+03	1.205489036810503e+00	2.080537772333926e-01	2.634901767575953e-01	2.372317438813583e-01	2.912243021276538e-01
191000	-7.763750691212348e+03	1.279126501110567e+00	2.198618276156153e-01	2.337148552176325e-01	2.603634721176829e-01	2.860598450490693e-01
192000	-7.727667705802051e+03	1.189989902138020e+00	2.111193692930437e-01	2.424573135402041e-01	2.534332900638495e-01	2.929900271029027e-01
193000	-7.725458917635910e+03	1.166234049404837e+00	1.956442091178264e-01	2.590387749608757e-01	2.534332900638495e-01	2.918837258574484e-01
194000	-7.741464731885676e+03	1.254641491325074e+00	2.038870034737286e-01	2.590387749608757e-01	2.534332900638495e-01	2.836409315015461e-01
195000	-7.754295190276775e+03	1.232021120172275e+00	1.992709857902406e-01	2.419082013309669e-01	2.595325526033694e-01	2.992882602754232e-01
196000	-7.765476279524125e+03	1.206215598501319e+00	1.979119410678041e-01	2.519577363493528e-01	2.620195528787723e-01	2.881107697040708e-01
197000	-7.757460715083275e+03	1.137389858060922e+00	1.944136573191488e-01	2.501740681716134e-01	2.638032210565117e-01	2.916090534527261e-01
198000	-7.769985255551233e+03	1.206115219603499e+00	2.075847705835658e-01	2.470013997110584e-01	2.341499780781441e-01	3.112638516272316e-01
199000	-7.776517291157207e+03	1.270449054867632e+00	1.989580815254041e-01	2.507609110459844e-01	2.475161449518130e-01	3.027648624767984e-01
200000	-7.765402240222692e+03	1.222714055276783e+00	2.117996676669830e-01	2.411688535990024e-01	2.514694115071727e-01	2.955620672268418e-01
201000	-7.750115767881594e+03	1.249915050583903e+00	2.061013649534366e-01	2.440140866806431e-01	2.503147712199525e-01	2.995697771459678e-01
202000	-7.753646634479233e+03	1.251253935388336e+00	2.041899945277194e-01	2.809512258878705e-01	2.366059891588204e-01	2.782527904255895e-01
203000	-7.738682229204644e+03	1.147173563153993e+00	1.959613439058290e-01	2.547083198929402e-01	2.414505629492890e-01	3.078797732519417e-01
204000	-7.776792194670134e+03	1.282141273825416e+00	1.928040161129783e-01	2.467911135156415e-01	2.622136150812336e-01	2.981912552901466e-01
205000	-7.773940085723973e+03	1.266838342039664e+00	2.110598961601488e-01	2.536384127271183e-01	2.501485007090720e-01	2.851531904036610e-01
206000	-7.758223934117845e+03	1.230234746629026e+00	2.043727379935812e-01	2.391560280933449e-01	2.399760846847117e-01	3.164951492283621e-01
207000	-7.765358751811100e+03	1.228029374309431e+00	1.980479431500115e-01	2.708357520454525e-01	2.455982781654479e-01	2.855180266390880e-01
208000	-7.745667823836436e+03	1.162085147196507e+00	2.019612714479438e-01	2.574863776228525e-01	2.440434918022912e-01	2.965088591269125e-01
209000	-7.766142078191453e+03	1.258203842885864e+00	2.052613005765393e-01	2.482682590870251e-01	2.475083520291765e-01	2.989620883072590e-01
210000	-7.743311356331576e+03	1.195300133041993e+00	2.052613005765393e-01	2.482682590870251e-01	2.467939744985417e-01	2.996764658378938e-01
211000	-7.745818533713732e+03	1.199008222411752e+00	1.965998967283290e-01	2.615683931927782e-01	2.421552442409989e-01	2.996764658378938e-01
212000	-7.761187612621759e+03	1.177918811369975e+00	2.038473821859404e-01	2.505813756132259e-01	2.637291465915731e-01	2.818420956092606e-01
213000	-7.769499486463545e+03	1.211013152428851e+00	2.173886432166562e-01	2.379597556041699e-01	2.527758271291459e-01	2.918757740500280e-01
214000	-7.792521951126583e+03	1.217954066444062e+00	2.099605089630053e-01	2.508262671805851e-01	2.495729417520769e-01	2.896402821043326e-01
215000	-7.793906288881329e+03	1.221315959327396e+00	1.989257046763293e-01	2.431497675614679e-01	2.529411684994395e-01	3.049833592627634e-01
216000	-7.797354495806987e+03	1.299315181787343e+00	1.920744729070707e-01	2.629988076677275e-01	2.468544999699875e-01	2.980722194552142e-01
217000	-7.807533877417345e+03	1.204838985402008e+00	1.895184651803229e-01	2.868703098510064e-01	2.424541868489535e-01	2.811570381197172e-01
218000	-7.782401950677705e+03	1.259021735334743e+00	1.837290867930850e-01	2.626637008708674e-01	2.538856331852991e-01	2.997215791507486e-01
219000	-7.774474903954942e+03	1.265702945379708e+00	2.046217930934564e-01	2.573542934713248e-01	2.511552652243806e-01	2.868686482108384e-01
220000	-7.774974960053039e+03	1.224833254414714e+00	2.038609974168592e-01	2.570828478012025e-01	2.474715355091819e-01	2.915846192727565e-01
221000	-7.788055248167689e+03	1.251515025592232e+00	1.939690278808931e-01	2.480369920811037e-01	2.426746200918770e-01	3.153193599461264e-01
222000	-7.761530734253952e+03	1.193784067891643e+00	2.037934604909648e-01	2.630162111227895e-01	2.387087245409843e-01	2.944816038452615e-01
223000	-7.753676169125604e+03	1.202411932898258e+00	1.958553014510814e-01	2.522997218758952e-01	2.503277368831947e-01	3.015172397898286e-01
224000	-7.748696727151600e+03	1.211930134400413e+00	2.013003486633054e-01	2.492801106799080e-01	2.542608553942606e-01	2.951586852625260e-01
225000	-7.766078376816767e+03	1.250786366104916e+00	2.019164223121572e-01	2.596316200393107e-01	2.506137893317502e-01	2.878381683167818e-01
226000	-7.751561090032735e+03	1.179092226417139e+00	2.099745174956849e-01	2.399792021919433e-01	2.536909737087479e-01	2.963553066036240e-01
227000	-7.780869905009115e+03	1.245163229189637e+00	2.026384784529085e-01	2.617587515949252e-01	2.654545037338878e-01	2.701482662182784e-01
228000	-7.756677581420548e+03	1.152290711763476e+00	2.025152343179259e-01	2.472777864591107e-01	2.526624553838901e-01	2.975445238390734e-01
229000	-7.771758426182469e+03	1.220052933176304e+00	2.010360503886796e-01	2.425390193127888e-01	2.523311700384200e-01	3.040937602601115e-01
230000	-7.759027329056098e+03	1.215913828516360e+00	1.960836185993788e-01	2.453272390406060e-01	2.563803913682510e-01	3.022087509917640e-01
231000	-7.773836335576632e+03	1.224793182297279e+00	1.880282401603223e-01	2.445361374536835e-01	2.567490288152836e-01	3.106865935707106e-01
232000	-7.741030552235270e+03	1.204911404640302e+00	1.874097614127281e-01	2.594660746815406e-01	2.520002294336382e-01	3.011239344720930e-01
233000	-7.739232109973747e+03	1.224001265637505e+00	1.947777746129430e-01	2.635127444638412e-01	2.429781077600083e-01	2.987313731632075e-01
234000	-7.765424644300282e+03	1.310106604965465e+00	2.028010480405521e-01	2.477876829852025e-01	2.465040860402659e-01	3.029071829339795e-01
235000	-7.752935949389644e+03	1.260717982286319e+00	2.028010480405521e-01	2.703313983367758e-01	2.465040860402659e-01	2.803634675824062e-01
236000	-7.758304507352045e+03	1.275362658037425e+00	2.049665515009659e-01	2.533574548382841e-01	2.506723992766236e-01	2.910035943841265e-01
237000	-7.744891421269550e+03	1.203918878423404e+00	1.956599940253957e-01	2.548735208843956e-01	2.583525279706845e-01	2.911139571195243e-01
238000	-7.754715666020625e+03	1.205045364422825e+00	1.840826829931216e-01	2.616278564529909e-01	2.596644459605481e-01	2.946250145933396e-01
239000	-7.801610825434355e+03	1.300887629358445e+00	1.985843513286279e-01	2.525116766649881e-01	2.515379419152784e-01	2.973660300911056e-01
240000	-7.780851052960385e+03	1.289179278930918e+00	1.985843513286279e-01	2.525116766649881e-01	2.515379419152784e-01	2.973660300911056e-01
241000	-7.765742394559087e+03	1.224592044859730e+00	1.985754959169662e-01	2.566420129957461e-01	2.539380143229499e-01	2.908444767643378e-01
242000	-7.766731531404572e+03	1.245148752723464e+00	1.979770478418814e-01	2.564357204458670e-01	2.505345742842394e-01	2.950526574280122e-01
243000	-7.750767375551042e+03	1.224504440517491e+00	1.979770478418814e-01	2.564357204458670e-01	2.543011879594905e-01	2.912860437527612e-01
244000	-7.745067460531470e+03	1.221332192738235e+00	2.021871304974407e-01	2.553452304088848e-01	2.547262052766886e-01	2.877414338169857e-01
245000	-7.745347480660345e+03	1.240203352612646e+00	1.997950109882713e-01	2.628201955391462e-01	2.470209281352190e-01	2.903638653373636e-01
246000	-7.740049480010376e+03	1.242404451396348e+00	1.997950109882713e-01	2.646196277723529e-01	2.452214959020123e-01	2.903638653373636e-01
247000	-7.727856400744542e+03	1.170796061377317e+00	2.040768262946888e-01	2.358923181129784e-01	2.504196635322543e-01	3.096111920600785e-01
248000	-7.749038653757420e+03	1.256508351674386e+00	2.011427645083422e-01	2.594248409668974e-01	2.427574639908231e-01	2.966749305339372e-01
249000	-7.767582503780797e+03	1.235841604096924e+00	2.083386252377532e-01	2.513524521280318e-01	2.559521329472276e-01	2.843567896869872e-01
250000	-7.774209102340023e+03	1.260636126306602e+00	2.011952313370605e-01	2.730789267942382e-01	2.273126258610636e-01	2.984132160076375e-01
251000	-7.766419364432491e+03	1.255005863592729e+00	2.065785825825783e-01	2.459394026402551e-01	2.559869163446771e-01	2.914950984324894e-01
252000	-7.761249460960783e+03	1.169075025390181e+00	2.063100373716899e-01	2.457150110169247e-01	2.650223230440450e-01	2.829526285673403e-01
253000	-7.767986398251039e+03	1.242943276662770e+00	2.061499245013427e-01	2.512940932363622e-01	2.416255947629413e-01	3.009303874993539e-01
254000	-7.747669431193291e+03	1.186282865134910e+00	1.915134412088361e-01	2.482150888118149e-01	2.601592814591155e-01	3.001121885202335e-01
255000	-7.738613078378630e+03	1.163820268312001e+00	2.079111520667802e-01	2.587108857172870e-01	2.465903280191427e-01	2.867876341967900e-01
256000	-7.742699550593707e+03	1.211552235684857e+00	1.893351997526341e-01	2.547179725606270e-01	2.562159202904561e-01	2.997309073962828e-01
257000	-7.745151977078222e+03	1.217770974306459e+00	2.013613093266715e-01	2.480294488300066e-01	2.560592465647109e-01	2.945499952786111e-01
258000	-7.768327404119203e+03	1.229192175225478e+00	1.976908997638476e-01	2.480294488300066e-01	2.560592465647109e-01	2.982204048414350e-01
259000	-7.744019438306997e+03	1.164173757280335e+00	1.987530127190393e-01	2.510627316207240e-01	2.480027862343325e-01	3.021814694259042e-01
260000	-7.759566661119722e+03	1.243996661754602e+00	1.956842605355226e-01	2.492756088252371e-01	2.599960025496645e-01	2.950441280895758e-01
261000	-7.753589381573526e+03	1.223051891334434e+00	1.900315764192360e-01	2.540544147419977e-01	2.573804873852276e-01	2.985335214535387e-01
262000	-7.765109164024533e+03	1.258012089776454e+00	2.002606419918204e-01	2.432455996084474e-01	2.550386890646529e-01	3.014550693350794e-01
263000	-7.754645999324687e+03	1.144784883379019e+00	1.902493079604984e-01	2.544105423792056e-01	2.556800750507074e-01	2.996600746095887e-01
264000	-7.760911405671438e+03	1.193544220280677e+00	1.902493079604984e-01	2.443707850719052e-01	2.570663539948019e-01	3.083135529727945e-01
265000	-7.773964626814579e+03	1.182199277288893e+00	1.847281988896845e-01	2.468756974313694e-01	2.556817404102179e-01	3.127143632687283e-01
266000	-7.773896058767646e+03	1.255354070130614e+00	2.057371223754461e-01	2.405571157913101e-01	2.477775108827059e-01	3.059282509505380e-01
267000	-7.773860167430484e+03	1.232924483781020e+00	1.947396058740871e-01	2.650657515856675e-01	2.490242401073203e-01	2.911704024329252e-01
268000	-7.751363622538551e+03	1.249526126578596e+00	2.019815421866260e-01	2.521086798321194e-01	2.593413798410429e-01	2.865683981402117e-01
269000	-7.754027478212573e+03	1.171815976975378e+00	2.059424062576561e-01	2.379290761683969e-01	2.615305069673177e-01	2.945980106066293e-01
270000	-7.743268139540397e+03	1.176131051464445e+00	2.078818759638192e-01	2.396986437186828e-01	2.561114854336612e-01	2.963079948838367e-01
271000	-7.753663167087319e+03	1.201054545938210e+00	1.939848437370998e-01	2.353147090725586e-01	2.498890885360542e-01	3.208113586542873e-01
272000	-7.740242004905938e+03	1.196646594093557e+00	1.966802072852731e-01	2.500298354625367e-01	2.519344962314566e-01	3.013554610207335e-01
273000	-7.759349610294583e+03	1.264666977023336e+00	2.011356820778492e-01	2.546772326989593e-01	2.609513789445003e-01	2.832357062786912e-01
274000	-7.760887523791200e+03	1.225167053561994e+00	2.091551468757696e-01	2.353476207700828e-01	2.531667034487212e-01	3.023305289054264e-01
275000	-7.756390515832440e+03	1.229979886484083e+00	2.097573137266731e-01	2.405865625940201e-01	2.551660865516214e-01	2.944900371276852e-01
276000	-7.740530184369926e+03	1.154641278009653e+00	1.928252036388171e-01	2.684360102325847e-01	2.401421759125931e-01	2.985966102160051e-01
277000	-7.749704001517905e+03	1.256326940220079e+00	1.986928329382603e-01	2.533176764969608e-01	2.470796238218337e-01	3.009098667429451e-01
278000	-7.756784423831871e+03	1.191402025809954e+00	1.920015864489553e-01	2.479817559571031e-01	2.569930829781524e-01	3.030235746157892e-01
279000	-7.740645883152844e+03	1.263149047282391e+00	2.001211501631184e-01	2.452126318697609e-01	2.464664559922084e-01	3.081997619749122e-01
280000	-7.741273799768654e+03	1.174848891401625e+00	2.022252132231465e-01	2.546905151668157e-01	2.357403904607618e-01	3.073438811492761e-01
281000	-7.734902083770128e+03	1.176503218154977e+00	2.109480772369517e-01	2.537793176657878e-01	2.469667013182074e-01	2.883059037790532e-01
282000	-7.759100868828535e+03	1.244214223048815e+00	1.838312178257950e-01	2.506745438816762e-01	2.572574394472932e-01	3.082367988452357e-01
283000	-7.757966863894272e+03	1.222261849508777e+00	1.967462467827483e-01	2.663656380144478e-01	2.534843949132366e-01	2.834037202895675e-01
284000	-7.755211187869753e+03	1.216961043486469e+00	2.034882153121620e-01	2.694032994617968e-01	2.400582877717315e-01	2.870501974543097e-01
285000	-7.732110717268039e+03	1.152906614532433e+00	2.000652857232530e-01	2.457529765681158e-01	2.625159682912855e-01	2.916657694173458e-01
