[ID: 7221362421]
Gen	LnL	TL	pi(A)	pi(C)	pi(G)	pi(T)
0	-2.353523694212252e+04	2.229999999999996e+00	2.500000000000000e-01	2.500000000000000e-01	2.500000000000000e-01	2.500000000000000e-01
1000	-1.658698707490032e+04	7.466674004896661e-01	2.981002956627793e-01	1.707244199416988e-01	1.708349868524782e-01	3.603402975430437e-01
2000	-1.366124360912686e+04	5.872755381933017e-01	2.858465808846022e-01	1.829781347198759e-01	1.708349868524782e-01	3.603402975430437e-01
3000	-1.169669676757211e+04	5.150812498620585e-01	2.969253366629688e-01	1.731990004993203e-01	1.573987596880371e-01	3.724769031496739e-01
4000	-1.089836230595502e+04	4.917273299509409e-01	2.923010565528837e-01	1.808243101630584e-01	1.573987596880371e-01	3.694758735960207e-01
5000	-1.052299658586969e+04	4.702117444167558e-01	2.923010565528837e-01	1.737304533126092e-01	1.644926165384863e-01	3.694758735960207e-01
6000	-1.011717477356124e+04	4.347634675356220e-01	3.029030965403980e-01	1.761481894427466e-01	1.610402533093073e-01	3.599084607075482e-01
7000	-9.839473123772323e+03	4.417218002854057e-01	3.029030965403980e-01	1.804902387133646e-01	1.610402533093073e-01	3.555664114369302e-01
8000	-9.727164722994672e+03	4.133059227273742e-01	2.983714322219179e-01	1.691938369644374e-01	1.602887807862397e-01	3.721459500274051e-01
9000	-9.682739528328610e+03	4.353063446782831e-01	2.924752103899649e-01	1.773109090866655e-01	1.695828372095891e-01	3.606310433137805e-01
10000	-9.646018944772522e+03	4.327869390262732e-01	2.924752103899649e-01	1.773109090866655e-01	1.594313511439336e-01	3.707825293794360e-01
11000	-9.590927033371709e+03	4.353497904204419e-01	2.924752103899649e-01	1.773109090866655e-01	1.633365376615815e-01	3.668773428617881e-01
12000	-9.571240451804451e+03	4.299978770988556e-01	2.880623260604269e-01	1.747851066273971e-01	1.585298129300806e-01	3.786227543820955e-01
13000	-9.569190800270277e+03	4.439143534670870e-01	2.880623260604269e-01	1.864967465501257e-01	1.585298129300806e-01	3.669111144593669e-01
14000	-9.547915838693805e+03	4.483997626041129e-01	2.865619393197882e-01	1.846498354236659e-01	1.688918571327958e-01	3.598963681237500e-01
15000	-9.525339530893923e+03	4.200567025255986e-01	2.856171863433984e-01	1.805743320894521e-01	1.674471579504473e-01	3.663613236167023e-01
16000	-9.518360028193614e+03	4.344083109940444e-01	2.939483263256683e-01	1.722431921071821e-01	1.643839598937420e-01	3.694245216734076e-01
17000	-9.519022927609492e+03	4.067846765352420e-01	3.006604663658351e-01	1.722431921071821e-01	1.643839598937420e-01	3.627123816332408e-01
18000	-9.527069825512668e+03	4.265493448553938e-01	2.933305934988416e-01	1.632883185718196e-01	1.691320712664718e-01	3.742490166628670e-01
19000	-9.519556659312560e+03	4.107219647471565e-01	2.933305934988416e-01	1.632883185718196e-01	1.691320712664718e-01	3.742490166628670e-01
20000	-9.535190191554486e+03	4.439545222251157e-01	3.038205673504806e-01	1.678581654095681e-01	1.728420691555950e-01	3.554791980843564e-01
21000	-9.521460898650115e+03	4.217873325487462e-01	2.946443245959885e-01	1.716845641666329e-01	1.574919826853035e-01	3.761791285520751e-01
22000	-9.529045555750303e+03	4.291164757746110e-01	2.963847494724580e-01	1.716845641666329e-01	1.557515578088340e-01	3.761791285520751e-01
23000	-9.533715968473118e+03	4.232572176459083e-01	2.963847494724580e-01	1.603876885676247e-01	1.670484334078422e-01	3.761791285520751e-01
24000	-9.521753694078916e+03	4.189230347430726e-01	3.033165028757697e-01	1.753433156937991e-01	1.544563097169361e-01	3.668838717134951e-01
25000	-9.528526369432817e+03	4.269405098062490e-01	2.952992345421473e-01	1.753433156937991e-01	1.624735780505584e-01	3.668838717134951e-01
26000	-9.522092116479695e+03	4.309248856872785e-01	2.952992345421473e-01	1.805024926480416e-01	1.624735780505584e-01	3.617246947592526e-01
27000	-9.528482355359789e+03	4.553444480475892e-01	2.952992345421473e-01	1.750402535430628e-01	1.624735780505584e-01	3.671869338642313e-01
28000	-9.506526714816160e+03	4.141064481336364e-01	2.922323984689758e-01	1.788132306368453e-01	1.651548641637038e-01	3.637995067304751e-01
29000	-9.514898652233682e+03	4.178321315685795e-01	2.922323984689758e-01	1.818554342822864e-01	1.577381395745424e-01	3.681740276741955e-01
30000	-9.512091006197681e+03	4.375449056244705e-01	3.132697865775774e-01	1.600061757652691e-01	1.596320635748257e-01	3.670919740823278e-01
31000	-9.538673546213302e+03	4.368304702482352e-01	2.962532183917694e-01	1.720700943737746e-01	1.499223482024374e-01	3.817543390320186e-01
32000	-9.519375749297580e+03	4.413335488723961e-01	2.946788024144631e-01	1.834927574454701e-01	1.608269803938838e-01	3.610014597461829e-01
33000	-9.508919197822666e+03	4.134320620405924e-01	3.087083919217646e-01	1.655144073639258e-01	1.632657866252887e-01	3.625114140890209e-01
34000	-9.486884885887051e+03	4.280521139008945e-01	2.916722675671620e-01	1.808786352700947e-01	1.718829893991861e-01	3.555661077635573e-01
35000	-9.492055910294910e+03	4.127743625765455e-01	3.040637764984196e-01	1.693961441214600e-01	1.673086224072020e-01	3.592314569729182e-01
36000	-9.503388296408493e+03	4.417039508882069e-01	3.040637764984196e-01	1.693961441214600e-01	1.647363012094805e-01	3.618037781706396e-01
37000	-9.488452656388286e+03	4.254990072350257e-01	2.883186785768019e-01	1.794954966280645e-01	1.713915569631560e-01	3.607942678319775e-01
38000	-9.497338891049949e+03	4.337535671696896e-01	2.975061205917399e-01	1.703080546131266e-01	1.577792834827847e-01	3.744065413123488e-01
39000	-9.511512869905304e+03	4.103411115561744e-01	2.975061205917399e-01	1.748321174609139e-01	1.568140301711034e-01	3.708477317762428e-01
40000	-9.502540067224285e+03	4.202547910344049e-01	3.016195904368703e-01	1.707186476157835e-01	1.571007320507383e-01	3.705610298966079e-01
41000	-9.511915230327229e+03	4.179626178973891e-01	2.953302432139167e-01	1.760732617026986e-01	1.624286830742972e-01	3.661678120090875e-01
42000	-9.520519178829820e+03	4.331439947034383e-01	2.908556326107711e-01	1.750664718773897e-01	1.659168645177770e-01	3.681610309940622e-01
43000	-9.506545645399316e+03	4.283654361841637e-01	3.015330885391448e-01	1.723323554856434e-01	1.575079553116633e-01	3.686266006635485e-01
44000	-9.490653730663134e+03	4.084781989953907e-01	3.069714223569721e-01	1.723323554856434e-01	1.608945847277948e-01	3.598016374295897e-01
45000	-9.493719852312481e+03	4.450435717227426e-01	2.940679871902636e-01	1.725746098682368e-01	1.686343875132831e-01	3.647230154282165e-01
46000	-9.492332492474039e+03	4.395109564932619e-01	2.862407832076104e-01	1.725746098682368e-01	1.764615914959363e-01	3.647230154282165e-01
47000	-9.515903665842423e+03	4.554504607729500e-01	2.935777432312507e-01	1.765592311310007e-01	1.626246636378784e-01	3.672383619998701e-01
48000	-9.481873084967088e+03	4.037982216028764e-01	3.009990727494436e-01	1.588638459956996e-01	1.694231237888679e-01	3.707139574659888e-01
49000	-9.487514460350623e+03	3.966757470043836e-01	2.969501576879712e-01	1.730376335079080e-01	1.494083251167963e-01	3.806038836873244e-01
50000	-9.502074098242514e+03	4.166813117361471e-01	2.859958787015928e-01	1.706645912037586e-01	1.646254943583036e-01	3.787140357363450e-01
51000	-9.488707486132374e+03	4.166466143006916e-01	2.958005820993229e-01	1.710206559584735e-01	1.651903461783225e-01	3.679884157638810e-01
52000	-9.527511465551850e+03	4.564747214361249e-01	3.172675520642214e-01	1.748673849421560e-01	1.619589477284777e-01	3.459061152651450e-01
53000	-9.507029230580947e+03	4.415877108443093e-01	3.058928905504408e-01	1.642465803204635e-01	1.621152343836902e-01	3.677452947454055e-01
54000	-9.503181899944606e+03	4.086957702432972e-01	2.966491402566586e-01	1.763436733778382e-01	1.680261848395176e-01	3.589810015259856e-01
55000	-9.513690147660900e+03	4.211794948025991e-01	2.925208099268489e-01	1.720423339588663e-01	1.673891804241075e-01	3.680476756901774e-01
56000	-9.519129627387147e+03	4.308888751271016e-01	2.972454593113015e-01	1.917046295827806e-01	1.566034070223655e-01	3.544465040835523e-01
57000	-9.484960287334981e+03	4.223526227898004e-01	2.877615418574662e-01	1.774276094704709e-01	1.684553585194235e-01	3.663554901526395e-01
58000	-9.504326047865909e+03	4.309243715772179e-01	2.922171846628924e-01	1.817250706066924e-01	1.641578973832020e-01	3.618998473472133e-01
59000	-9.516071022091261e+03	4.494703883691461e-01	3.005757759420645e-01	1.733664793275203e-01	1.641578973832020e-01	3.618998473472133e-01
60000	-9.504630513915394e+03	4.300883857751853e-01	3.005757759420645e-01	1.756640285344280e-01	1.618603481762942e-01	3.618998473472133e-01
61000	-9.504351383243406e+03	4.226555465763860e-01	2.956662765706454e-01	1.756640285344280e-01	1.623176742228351e-01	3.663520206720916e-01
62000	-9.502797329219273e+03	4.150691143292130e-01	2.938729417475565e-01	1.756640285344280e-01	1.623176742228351e-01	3.681453554951805e-01
63000	-9.499515350984457e+03	4.228032287534319e-01	2.898303134486424e-01	1.756640285344280e-01	1.663603025217493e-01	3.681453554951805e-01
64000	-9.497077912094786e+03	4.450892072307535e-01	2.917632869120445e-01	1.745580510224037e-01	1.707324930721904e-01	3.629461689933615e-01
65000	-9.492897177627137e+03	4.302183894959212e-01	2.901467206604459e-01	1.749080710605360e-01	1.629959706238005e-01	3.719492376552176e-01
66000	-9.477013496983636e+03	4.132776558326086e-01	2.965720001848099e-01	1.788189108014313e-01	1.663031446158911e-01	3.583059443978677e-01
67000	-9.497342339850869e+03	4.449016716430279e-01	2.929892118011097e-01	1.824016991851315e-01	1.663031446158911e-01	3.583059443978677e-01
68000	-9.482648127020690e+03	4.005782704397186e-01	2.943795075667137e-01	1.731793899045576e-01	1.522337630660752e-01	3.802073394626534e-01
69000	-9.505423104781197e+03	4.499485307547612e-01	2.944258330899187e-01	1.884691703939264e-01	1.695947408608208e-01	3.475102556553341e-01
70000	-9.495447800260488e+03	4.283749705087155e-01	3.085620537506857e-01	1.758467033453591e-01	1.584413114845922e-01	3.571499314193630e-01
71000	-9.492944640278771e+03	4.239160667798880e-01	2.958710622100135e-01	1.673706832200487e-01	1.660802848090795e-01	3.706779697608584e-01
72000	-9.497149832422305e+03	4.167447644721841e-01	3.022559787987323e-01	1.699994346341239e-01	1.619475691905435e-01	3.657970173766005e-01
73000	-9.492005891696193e+03	3.984363949894743e-01	2.929559542737991e-01	1.766695904421680e-01	1.672469299631990e-01	3.631275253208341e-01
74000	-9.486648167197367e+03	4.007174267468163e-01	2.929559542737991e-01	1.766695904421680e-01	1.672469299631990e-01	3.631275253208341e-01
75000	-9.496940837039436e+03	4.134564170750759e-01	3.032517898676416e-01	1.692513851940602e-01	1.643692996174644e-01	3.631275253208341e-01
76000	-9.494597759353486e+03	4.100397913216751e-01	2.851345871371889e-01	1.784083278985908e-01	1.655169773656731e-01	3.709401075985475e-01
77000	-9.517955818650518e+03	4.233432155337672e-01	2.972305011178217e-01	1.724263907141066e-01	1.695964572059060e-01	3.607466509621657e-01
78000	-9.493608499315989e+03	3.981492348247520e-01	2.972677305713546e-01	1.718427562317983e-01	1.724433242083402e-01	3.584461889885068e-01
79000	-9.529130266476284e+03	4.297169698137438e-01	2.989843371216593e-01	1.701261496814937e-01	1.724433242083402e-01	3.584461889885068e-01
80000	-9.508926105921675e+03	4.041251297650354e-01	2.989843371216593e-01	1.754742361507227e-01	1.716940171009606e-01	3.538474096266573e-01
81000	-9.508721753843198e+03	4.261013274427916e-01	3.023598043573321e-01	1.723987936611315e-01	1.626563446978379e-01	3.625850572836986e-01
82000	-9.523812648169094e+03	4.493654435570395e-01	2.993578545457706e-01	1.697504821499977e-01	1.642637940235782e-01	3.666278692806537e-01
83000	-9.520793768472688e+03	4.277376662368245e-01	2.943972227492942e-01	1.762808415098020e-01	1.612605138899799e-01	3.680614218509239e-01
84000	-9.517644643848587e+03	4.254199391709239e-01	2.943972227492942e-01	1.754861148530988e-01	1.620552405466831e-01	3.680614218509239e-01
85000	-9.501854119377236e+03	3.963589498736708e-01	2.926993030853863e-01	1.743060022151324e-01	1.649332728485574e-01	3.680614218509239e-01
86000	-9.520107333400265e+03	4.354258816074099e-01	2.963731162026739e-01	1.685740698448338e-01	1.672047986362492e-01	3.678480153162432e-01
87000	-9.521046497635818e+03	4.354531301265262e-01	2.990191743843729e-01	1.841788526683871e-01	1.617649017587180e-01	3.550370711885219e-01
88000	-9.509783068983330e+03	4.402574812814753e-01	2.829948186810322e-01	1.790741727754434e-01	1.637860922183665e-01	3.741449163251580e-01
89000	-9.485237517575415e+03	4.401965817518618e-01	2.893293438142878e-01	1.733321260339997e-01	1.667774012606218e-01	3.705611288910907e-01
90000	-9.472664184552048e+03	4.182799243786433e-01	2.913971267803332e-01	1.742634750502339e-01	1.547129972424910e-01	3.796264009269419e-01
91000	-9.504402698382839e+03	4.508883791918173e-01	2.927106954185801e-01	1.729499064119870e-01	1.607223398380677e-01	3.736170583313652e-01
92000	-9.492106299643785e+03	4.168777810635605e-01	2.927106954185801e-01	1.729499064119870e-01	1.607223398380677e-01	3.736170583313652e-01
93000	-9.509539385696529e+03	4.628583758996352e-01	2.927106954185801e-01	1.729499064119870e-01	1.607223398380677e-01	3.736170583313652e-01
94000	-9.504056296462666e+03	4.302318666046446e-01	2.927106954185801e-01	1.694698501174611e-01	1.607223398380677e-01	3.770971146258911e-01
95000	-9.500823143288706e+03	4.324050143030213e-01	2.905935415114322e-01	1.694698501174611e-01	1.628394937452156e-01	3.770971146258911e-01
96000	-9.470912135586732e+03	4.295710092825886e-01	2.905935415114322e-01	1.694698501174611e-01	1.628394937452156e-01	3.770971146258911e-01
97000	-9.482216862762154e+03	3.988757232513524e-01	2.912773607462670e-01	1.803665362544011e-01	1.628394937452156e-01	3.655166092541163e-01
98000	-9.471411898392720e+03	3.955699195556330e-01	2.996756060728250e-01	1.707799521263796e-01	1.678508809136698e-01	3.616935608871255e-01
99000	-9.480633337061930e+03	4.291926501943363e-01	2.982280494576439e-01	1.649730423265549e-01	1.676125660538272e-01	3.691863421619739e-01
100000	-9.494068608123405e+03	4.407554514185966e-01	2.855599782132476e-01	1.776411135709512e-01	1.563302011329392e-01	3.804687070828620e-01
101000	-9.512485153122538e+03	4.280110511817696e-01	2.992526114403758e-01	1.694997699574666e-01	1.606556544543855e-01	3.705919641477722e-01
102000	-9.513682719224842e+03	4.263129913488064e-01	3.073215343698480e-01	1.765082914320956e-01	1.568879054364746e-01	3.592822687615819e-01
103000	-9.507942397329885e+03	4.314100489970205e-01	2.918271053831982e-01	1.796676424695800e-01	1.563228998380898e-01	3.721823523091320e-01
104000	-9.491143841165573e+03	4.220057506430041e-01	2.918271053831982e-01	1.784019090002654e-01	1.563228998380898e-01	3.734480857784467e-01
105000	-9.505345446899693e+03	4.319163470574527e-01	2.893553533011902e-01	1.642812899806912e-01	1.727354046633409e-01	3.736279520547776e-01
106000	-9.512987381303483e+03	4.410377486579934e-01	2.793481759555524e-01	1.782968905937313e-01	1.698936925222183e-01	3.724612409284980e-01
107000	-9.492461208833909e+03	4.127909982349193e-01	2.826212508202989e-01	1.803151944716309e-01	1.684311403677139e-01	3.686324143403563e-01
108000	-9.501661131899631e+03	4.267747162406821e-01	2.997831112583721e-01	1.664340024320985e-01	1.594625629388505e-01	3.743203233706788e-01
109000	-9.518566264442255e+03	4.358003184932889e-01	2.905807453932410e-01	1.636872363489541e-01	1.752613122216256e-01	3.704707060361793e-01
110000	-9.525812191369094e+03	4.638103401739334e-01	2.999272642723837e-01	1.728535884037342e-01	1.580431876465500e-01	3.691759596773323e-01
111000	-9.495189354969703e+03	3.992635126165184e-01	3.027542991099984e-01	1.796990646311608e-01	1.527285713055166e-01	3.648180649533243e-01
112000	-9.502833007211120e+03	4.307557712903681e-01	2.931857430633039e-01	1.684853522789886e-01	1.663252725414620e-01	3.720036321162454e-01
113000	-9.487981134307458e+03	4.227286015255863e-01	2.925414863062430e-01	1.675870322020400e-01	1.685368143857645e-01	3.713346671059524e-01
114000	-9.487924286513733e+03	4.209851385770748e-01	2.925414863062430e-01	1.766031368894264e-01	1.696577894663862e-01	3.611975873379443e-01
115000	-9.486652467060499e+03	4.183484098232627e-01	2.918767497236581e-01	1.766031368894264e-01	1.619519594218807e-01	3.695681539650347e-01
116000	-9.496673866445661e+03	4.108906933064749e-01	2.925423238023882e-01	1.773395284447189e-01	1.605499937878581e-01	3.695681539650347e-01
117000	-9.479094546110608e+03	3.955271267660544e-01	2.847229069712277e-01	1.759206405928604e-01	1.679562804305231e-01	3.714001720053889e-01
118000	-9.501127843142314e+03	3.791100647544951e-01	2.951132435402695e-01	1.655303040238185e-01	1.679562804305231e-01	3.714001720053889e-01
119000	-9.506953494152385e+03	4.060521373485433e-01	2.912244311857222e-01	1.655303040238185e-01	1.718450927850703e-01	3.714001720053889e-01
120000	-9.492478716117030e+03	3.860976754150168e-01	2.912244311857222e-01	1.655303040238185e-01	1.669626287157063e-01	3.762826360747530e-01
121000	-9.500198160365857e+03	4.196291690217711e-01	2.985652227249656e-01	1.655303040238185e-01	1.596218371764630e-01	3.762826360747530e-01
122000	-9.485671376796043e+03	4.108984860917825e-01	2.959521982055126e-01	1.842378095119440e-01	1.613605471666591e-01	3.584494451158843e-01
123000	-9.486990918795183e+03	4.334433044544639e-01	2.873494286928534e-01	1.762088027957665e-01	1.683815964354567e-01	3.680601720759233e-01
124000	-9.467956169874164e+03	4.055452966270674e-01	2.885022512739358e-01	1.776415547678693e-01	1.574355984595329e-01	3.764205954986619e-01
125000	-9.473071271860195e+03	4.131807356062885e-01	2.936145025888879e-01	1.739961648825012e-01	1.609412542759276e-01	3.714480782526833e-01
126000	-9.500599255750472e+03	4.413644560835741e-01	2.951132062341933e-01	1.620965305558277e-01	1.639421213385874e-01	3.788481418713915e-01
127000	-9.492885366979017e+03	4.272542303928573e-01	3.022087282620391e-01	1.682207459385673e-01	1.578179059558477e-01	3.717526198435457e-01
128000	-9.486554551730751e+03	4.120985274819658e-01	2.926971213450550e-01	1.657480738685382e-01	1.594024576311149e-01	3.821523471552918e-01
129000	-9.508464963066428e+03	4.421593215558522e-01	3.069473234108921e-01	1.670319880154184e-01	1.581185434842347e-01	3.679021450894546e-01
130000	-9.503843860622175e+03	4.327090653943593e-01	2.870900344175787e-01	1.819077762432482e-01	1.631000442497184e-01	3.679021450894546e-01
131000	-9.498723666780746e+03	4.179023667927901e-01	2.899284514735446e-01	1.811896544023843e-01	1.638181660905823e-01	3.650637280334886e-01
132000	-9.507798443063040e+03	4.421340907245059e-01	2.974623489991207e-01	1.697042232524462e-01	1.640743501949528e-01	3.687590775534804e-01
133000	-9.491419443653382e+03	4.224557879568534e-01	2.903682564084010e-01	1.697042232524462e-01	1.698040007523412e-01	3.701235195868117e-01
134000	-9.492343993497254e+03	4.265102031526889e-01	2.903682564084010e-01	1.697042232524462e-01	1.698040007523412e-01	3.701235195868117e-01
135000	-9.517341213075686e+03	4.162607704004779e-01	2.903682564084010e-01	1.782075790569813e-01	1.698040007523412e-01	3.616201637822766e-01
136000	-9.515737902905250e+03	4.267124070004353e-01	2.955618532375781e-01	1.806790279095009e-01	1.621389550706445e-01	3.616201637822766e-01
137000	-9.485531154026745e+03	4.004382834082071e-01	2.991633058212755e-01	1.743774991800182e-01	1.621389550706445e-01	3.643202399280620e-01
138000	-9.511387174811851e+03	4.158050392459938e-01	2.999653465050401e-01	1.743774991800182e-01	1.621389550706445e-01	3.635181992442975e-01
139000	-9.498522924926723e+03	4.166144025829956e-01	3.033286395336378e-01	1.710142061514205e-01	1.698247582061019e-01	3.558323961088400e-01
140000	-9.508196331178433e+03	4.454486142121210e-01	3.006889184127537e-01	1.693530073133525e-01	1.701472714177410e-01	3.598108028561526e-01
141000	-9.520374369992423e+03	4.481618209395030e-01	2.884397600902774e-01	1.632231859001783e-01	1.714350472671223e-01	3.769020067424220e-01
142000	-9.534393897873253e+03	4.492923888417290e-01	3.018419728203435e-01	1.731240299486099e-01	1.556816355186137e-01	3.693523617124330e-01
143000	-9.533318622404397e+03	4.450146241349787e-01	3.018419728203435e-01	1.731240299486099e-01	1.725183219997465e-01	3.525156752313002e-01
144000	-9.524588766900384e+03	4.246321949900825e-01	2.993623133996725e-01	1.878105682172630e-01	1.589782200110113e-01	3.538488983720533e-01
145000	-9.499301095216173e+03	4.305194045640357e-01	3.038978692092332e-01	1.722568076130825e-01	1.699964248056311e-01	3.538488983720533e-01
146000	-9.495886940849570e+03	4.427863316608751e-01	2.966703199813873e-01	1.682765327431104e-01	1.699964248056311e-01	3.650567224698711e-01
147000	-9.523001134595408e+03	4.355342458533216e-01	3.044207193849247e-01	1.733922701015566e-01	1.742331688562178e-01	3.479538416573008e-01
148000	-9.513358140234015e+03	4.215023336306650e-01	2.932518798726749e-01	1.661346567322174e-01	1.723124398429226e-01	3.683010235521852e-01
149000	-9.520508301994138e+03	4.148925828003862e-01	2.928722193783663e-01	1.736921938917848e-01	1.706426071777823e-01	3.627929795520667e-01
150000	-9.513824090095666e+03	4.443111786636526e-01	2.928722193783663e-01	1.736921938917848e-01	1.706426071777823e-01	3.627929795520667e-01
151000	-9.500930301436656e+03	3.978127998499961e-01	2.958544439040891e-01	1.782217795863228e-01	1.660799037900589e-01	3.598438727195292e-01
152000	-9.510877748619709e+03	4.274579779343836e-01	2.977141319916800e-01	1.763620914987320e-01	1.646437640845388e-01	3.612800124250493e-01
153000	-9.510591801928982e+03	4.221887226641345e-01	2.977141319916800e-01	1.763620914987320e-01	1.646437640845388e-01	3.612800124250493e-01
154000	-9.514489331754516e+03	4.055223253283075e-01	3.061585695658409e-01	1.680254976714120e-01	1.723768466177787e-01	3.534390861449684e-01
155000	-9.522275949844354e+03	4.517645275995034e-01	2.996274414599812e-01	1.793477873005046e-01	1.669325663993867e-01	3.540922048401275e-01
156000	-9.507301599999711e+03	4.253636919657830e-01	2.973121501871144e-01	1.792638893665132e-01	1.535419280491992e-01	3.698820323971731e-01
157000	-9.493721003623888e+03	4.076021856925153e-01	2.875390053841729e-01	1.864249671482515e-01	1.552703907391147e-01	3.707656367284609e-01
158000	-9.516288599178877e+03	4.190083254671026e-01	2.896758679438975e-01	1.763077317021992e-01	1.611314536743813e-01	3.728849466795220e-01
159000	-9.512615482134435e+03	4.394188476373072e-01	2.931956365903120e-01	1.785832230536485e-01	1.599140950633913e-01	3.683070452926483e-01
160000	-9.508972863515770e+03	4.077159841067465e-01	2.851874259038434e-01	1.753334916911171e-01	1.621504428164638e-01	3.773286395885758e-01
161000	-9.518797878236961e+03	4.159548148546581e-01	2.947686843190504e-01	1.771811920102990e-01	1.629839969457738e-01	3.650661267248768e-01
162000	-9.525732546647465e+03	4.198342219069089e-01	2.818595184624765e-01	1.700555865287822e-01	1.571993071267044e-01	3.908855878820370e-01
163000	-9.502701252720517e+03	4.137124561426324e-01	2.889900571476385e-01	1.793545024024041e-01	1.699315051310279e-01	3.617239353189294e-01
164000	-9.499501883186220e+03	4.171960460793329e-01	3.042683926631916e-01	1.804232483935637e-01	1.599285921658782e-01	3.553797667773665e-01
165000	-9.509146509937545e+03	4.307009497955593e-01	3.116771456574949e-01	1.586110929647784e-01	1.594894312688257e-01	3.702223301089009e-01
166000	-9.494109953221401e+03	4.076851236423027e-01	2.998957226074100e-01	1.682565680420571e-01	1.615782557851017e-01	3.702694535654313e-01
167000	-9.502760125970299e+03	4.187937083929761e-01	2.947999017430028e-01	1.675442151868910e-01	1.563410457097723e-01	3.813148373603339e-01
168000	-9.503793957997905e+03	4.066108787955529e-01	2.840095543516319e-01	1.697088032483749e-01	1.750022225434105e-01	3.712794198565827e-01
169000	-9.504008233562441e+03	4.189536663603778e-01	3.012369984050801e-01	1.794430672683588e-01	1.581026428770398e-01	3.612172914495212e-01
170000	-9.496824448627067e+03	4.255045651796473e-01	3.025572617079645e-01	1.804374031435589e-01	1.625819020506464e-01	3.544234330978302e-01
171000	-9.518389760713872e+03	4.288276716753203e-01	2.975581619358363e-01	1.771467959481900e-01	1.697934312227077e-01	3.555016108932660e-01
172000	-9.488670301281609e+03	3.872673509800857e-01	3.066837310870041e-01	1.667242684496105e-01	1.626858408497129e-01	3.639061596136725e-01
173000	-9.490477054052260e+03	4.198995862615191e-01	2.943827086113876e-01	1.748919825722080e-01	1.551472442157883e-01	3.755780646006160e-01
174000	-9.507006017615231e+03	4.348765051175087e-01	2.874027587770869e-01	1.807173347001730e-01	1.621271940500890e-01	3.697527124726510e-01
175000	-9.506498406853752e+03	4.458619680350512e-01	3.048452785855055e-01	1.632748148917544e-01	1.621271940500890e-01	3.697527124726510e-01
176000	-9.513354595671119e+03	4.160180414059230e-01	2.916847646341982e-01	1.727016155969665e-01	1.664234837572038e-01	3.691901360116315e-01
177000	-9.518491829891562e+03	4.263867627575361e-01	2.972256742315387e-01	1.678909169779317e-01	1.609991224548910e-01	3.738842863356386e-01
178000	-9.519041514371092e+03	4.026946469604856e-01	2.943333300143294e-01	1.733281512162433e-01	1.605537871320681e-01	3.717847316373593e-01
179000	-9.519876232962453e+03	4.287449030532864e-01	2.943333300143294e-01	1.713917031452083e-01	1.605537871320681e-01	3.737211797083943e-01
180000	-9.496045780666198e+03	4.165519735044371e-01	2.910332191229492e-01	1.792115942205855e-01	1.598759004712483e-01	3.698792861852170e-01
181000	-9.500572683572595e+03	4.384214025481074e-01	2.910332191229492e-01	1.792115942205855e-01	1.598759004712483e-01	3.698792861852170e-01
182000	-9.511329422505374e+03	4.291539673565677e-01	3.136516970041465e-01	1.686476170880761e-01	1.599801487006142e-01	3.577205372071632e-01
183000	-9.495270456711520e+03	4.111985636727660e-01	2.925487258121985e-01	1.729097725587796e-01	1.620387434023952e-01	3.725027582266267e-01
184000	-9.496203718500006e+03	4.013298018040453e-01	2.929842753437081e-01	1.633963964485618e-01	1.704138850721471e-01	3.732054431355829e-01
185000	-9.495922779275261e+03	4.353717552551177e-01	2.842423001514876e-01	1.721383716407823e-01	1.698606232942915e-01	3.737587049134385e-01
186000	-9.496959877339194e+03	4.294781587906298e-01	2.927429028751246e-01	1.783888764607409e-01	1.678351442808008e-01	3.610330763833337e-01
187000	-9.479504996361324e+03	4.128565297142096e-01	2.911157070087785e-01	1.707613710741888e-01	1.576210584551227e-01	3.805018634619100e-01
188000	-9.481652360580802e+03	4.141036288589020e-01	3.055068021690815e-01	1.720941700081778e-01	1.560214867383415e-01	3.663775410843991e-01
189000	-9.489197057677107e+03	4.204886174962133e-01	2.964456971955773e-01	1.604441372191930e-01	1.778271670830127e-01	3.652829985022170e-01
190000	-9.495311717702123e+03	4.423137137480935e-01	2.800092731617794e-01	1.835898197588551e-01	1.659369743409498e-01	3.704639327384157e-01
191000	-9.501000105315470e+03	4.497990335454768e-01	3.077522073672064e-01	1.729240138646448e-01	1.641091203427667e-01	3.552146584253821e-01
192000	-9.493516819663395e+03	4.520660011437237e-01	2.890713848379346e-01	1.735185654547146e-01	1.608335724627168e-01	3.765764772446340e-01
193000	-9.495202487402274e+03	4.348932282030250e-01	2.927022958395547e-01	1.626830445753053e-01	1.707090531699782e-01	3.739056064151619e-01
194000	-9.509456314198233e+03	4.431795946913957e-01	2.923095862452194e-01	1.759206782957823e-01	1.686607721974567e-01	3.631089632615416e-01
195000	-9.512174228287700e+03	4.239395481676393e-01	2.923095862452194e-01	1.759206782957823e-01	1.686607721974567e-01	3.631089632615416e-01
196000	-9.495548243426456e+03	4.252812323704164e-01	2.957638755627144e-01	1.759206782957823e-01	1.679272255091275e-01	3.603882206323759e-01
197000	-9.521277889071631e+03	4.640725435168704e-01	2.979678710073538e-01	1.748793070757773e-01	1.610335033636971e-01	3.661193185531718e-01
198000	-9.517058779676570e+03	4.489050077708396e-01	3.000321083969932e-01	1.748793070757773e-01	1.610335033636971e-01	3.640550811635324e-01
199000	-9.512454874160092e+03	4.417728573293160e-01	2.912499936142301e-01	1.725953887931541e-01	1.661099753868077e-01	3.700446422058082e-01
200000	-9.511728756722159e+03	4.172235628291260e-01	2.997160407712657e-01	1.774414341095188e-01	1.530411094613705e-01	3.698014156578449e-01
201000	-9.505251692092126e+03	4.165640113925029e-01	2.830796023788525e-01	1.835323022653649e-01	1.614994333662396e-01	3.718886619895431e-01
202000	-9.492226078634969e+03	3.940910138161554e-01	2.830796023788525e-01	1.835323022653649e-01	1.614994333662396e-01	3.718886619895431e-01
203000	-9.506515924947789e+03	4.311314553541424e-01	2.980472128302004e-01	1.630350987744283e-01	1.669943222426459e-01	3.719233661527255e-01
204000	-9.507804457564285e+03	4.340538049677045e-01	2.980472128302004e-01	1.658167353767997e-01	1.669943222426459e-01	3.691417295503541e-01
205000	-9.514236331540791e+03	4.359244041817346e-01	3.061579380118111e-01	1.719116018280160e-01	1.529229712524826e-01	3.690074889076905e-01
206000	-9.511893513007184e+03	4.195524290953446e-01	2.975886756609358e-01	1.778941910150000e-01	1.661242442785847e-01	3.583928890454794e-01
207000	-9.516997874085691e+03	4.381927939636113e-01	2.863821981416259e-01	1.778941910150000e-01	1.661242442785847e-01	3.695993665647894e-01
208000	-9.505810283491492e+03	4.302387077948588e-01	3.016579181995578e-01	1.720771121387464e-01	1.575169945214273e-01	3.687479751402686e-01
209000	-9.503631136024322e+03	4.118204541451451e-01	3.016579181995578e-01	1.673836041937979e-01	1.622105024663759e-01	3.687479751402686e-01
210000	-9.511069476195091e+03	4.325859362641977e-01	2.972929389463429e-01	1.848346688617813e-01	1.626964615277398e-01	3.551759306641361e-01
211000	-9.533751583866799e+03	4.707576191945935e-01	2.873461415251554e-01	1.906319202852144e-01	1.584257981698673e-01	3.635961400197630e-01
212000	-9.498311677487638e+03	4.198100729267137e-01	2.963551606979546e-01	1.670908280357941e-01	1.631285193295194e-01	3.734254919367318e-01
213000	-9.495173508024431e+03	4.131202871329163e-01	2.963551606979546e-01	1.670908280357941e-01	1.631285193295194e-01	3.734254919367318e-01
214000	-9.517068138944513e+03	4.037107510336772e-01	2.933129772294464e-01	1.778164708819087e-01	1.603444499626052e-01	3.685261019260397e-01
215000	-9.509171560244904e+03	4.230963151368818e-01	2.920538993931712e-01	1.762466714443866e-01	1.643145290285755e-01	3.673849001338667e-01
216000	-9.538184408013441e+03	4.426617984264689e-01	3.052564088599922e-01	1.651536967665162e-01	1.595858341042649e-01	3.700040602692268e-01
217000	-9.519114804212959e+03	4.101537151324747e-01	2.931899885417977e-01	1.762378502216791e-01	1.605681009672964e-01	3.700040602692268e-01
218000	-9.501717328521498e+03	4.128686972477097e-01	2.937631510302404e-01	1.744123255123413e-01	1.599310580708887e-01	3.718934653865297e-01
219000	-9.516699270858639e+03	4.455052826732100e-01	2.901627192692971e-01	1.876965521299526e-01	1.630267106388624e-01	3.591140179618879e-01
220000	-9.528306986779489e+03	4.083942726286112e-01	3.000104775459961e-01	1.791524427762045e-01	1.534890731080059e-01	3.673480065697937e-01
221000	-9.514521865276236e+03	4.293724028090858e-01	2.918141005016076e-01	1.687357411008029e-01	1.595499054045135e-01	3.799002529930758e-01
222000	-9.515627516200204e+03	4.217127921126653e-01	2.956356503129439e-01	1.667845705284957e-01	1.759077896174036e-01	3.616719895411567e-01
223000	-9.516694980285363e+03	4.343716323488027e-01	3.029757871148255e-01	1.785465249939038e-01	1.623704809051693e-01	3.561072069861013e-01
224000	-9.491665004109504e+03	4.061069540339658e-01	2.919790319923316e-01	1.753219140403037e-01	1.631434870741745e-01	3.695555668931902e-01
225000	-9.524351834408306e+03	4.226178672445635e-01	2.861932530054473e-01	1.776308299619461e-01	1.604049174411640e-01	3.757709995914426e-01
226000	-9.519650788955814e+03	3.997589167765819e-01	2.865072574294280e-01	1.862536370862872e-01	1.581678962243309e-01	3.690712092599540e-01
227000	-9.532597569422489e+03	4.292444078075941e-01	3.079617714657908e-01	1.712424658961018e-01	1.651217946541717e-01	3.556739679839356e-01
228000	-9.505801632581642e+03	4.042099053712783e-01	2.927555498477634e-01	1.687204141140095e-01	1.683076093142045e-01	3.702164267240226e-01
229000	-9.500839798502282e+03	3.965566571046561e-01	2.953820191195528e-01	1.717547073733155e-01	1.708699662307073e-01	3.619933072764244e-01
230000	-9.520740868037205e+03	4.121744799033280e-01	2.967606948300878e-01	1.728143053644961e-01	1.639493546692315e-01	3.664756451361848e-01
231000	-9.502545820158421e+03	4.299674492763459e-01	3.012862468392061e-01	1.776965694375339e-01	1.545415385870754e-01	3.664756451361848e-01
232000	-9.520262971343594e+03	4.397092355455574e-01	2.954005026686354e-01	1.699537712427320e-01	1.760085942050145e-01	3.586371318836181e-01
233000	-9.512896572519849e+03	4.314379088916962e-01	3.004179336728600e-01	1.675445027936047e-01	1.682757425802641e-01	3.637618209532711e-01
234000	-9.496950633779177e+03	4.035789403503427e-01	2.948172787098658e-01	1.833509225899861e-01	1.704418550009128e-01	3.513899436992353e-01
235000	-9.519468167973586e+03	4.504387333568847e-01	2.729771992259372e-01	1.736359847348333e-01	1.611431071910620e-01	3.922437088481675e-01
236000	-9.511412088500241e+03	4.311609696046117e-01	2.854397625433543e-01	1.727907402424702e-01	1.667555922703431e-01	3.750139049438322e-01
237000	-9.503724747143531e+03	4.267485457972739e-01	2.805384869849731e-01	1.750559324093436e-01	1.712439926068335e-01	3.731615879988497e-01
238000	-9.501296885102864e+03	4.117750276762333e-01	2.862037696627103e-01	1.733313779127036e-01	1.623161604219364e-01	3.781486920026496e-01
239000	-9.513074938837393e+03	4.303770411588780e-01	3.003790831334829e-01	1.723464004940022e-01	1.658857469029605e-01	3.613887694695544e-01
240000	-9.502974139182779e+03	4.227556394066995e-01	3.003790831334829e-01	1.756080232377014e-01	1.598695864736942e-01	3.641433071551216e-01
241000	-9.514397740411097e+03	4.284278511936369e-01	2.870606656993362e-01	1.836690053977769e-01	1.662592596400568e-01	3.630110692628301e-01
242000	-9.509015083289873e+03	4.434098647630529e-01	2.870606656993362e-01	1.680808385033321e-01	1.691585245918714e-01	3.756999712054603e-01
243000	-9.502837186725688e+03	4.400804289345780e-01	2.923120409508815e-01	1.680808385033321e-01	1.639071493403261e-01	3.756999712054603e-01
244000	-9.509816698023122e+03	4.567525195195931e-01	2.865162126969523e-01	1.730117185017607e-01	1.589762693418975e-01	3.814957994593896e-01
245000	-9.501163470232914e+03	4.320748408635354e-01	3.025978036060883e-01	1.808799901531212e-01	1.481580993486193e-01	3.683641068921714e-01
246000	-9.486154228719030e+03	4.133554751695053e-01	2.980066119939024e-01	1.737107188761080e-01	1.594272067281034e-01	3.688554624018862e-01
247000	-9.495253787486361e+03	4.066399572906056e-01	3.021637409695010e-01	1.717828685450314e-01	1.549899756958217e-01	3.710634147896460e-01
248000	-9.501171021457010e+03	4.001704864525407e-01	2.938859290279547e-01	1.684991240324784e-01	1.738110281378094e-01	3.638039188017574e-01
249000	-9.519545854223699e+03	4.124102312445246e-01	3.006375526372081e-01	1.708826183773808e-01	1.615953959297844e-01	3.668844330556268e-01
250000	-9.512088623174141e+03	4.106856665730210e-01	2.869145581134082e-01	1.767711722803944e-01	1.617621077275753e-01	3.745521618786221e-01
251000	-9.497342513592966e+03	4.078048502776723e-01	2.933094767719996e-01	1.682666560692216e-01	1.653111467033926e-01	3.731127204553861e-01
252000	-9.525793542161518e+03	4.307862738568010e-01	2.891407328257058e-01	1.788028367153990e-01	1.589437100035089e-01	3.731127204553861e-01
253000	-9.530554241434611e+03	4.490850560721490e-01	3.047190384093585e-01	1.686378890373759e-01	1.546743613243890e-01	3.719687112288765e-01
254000	-9.525277528331382e+03	4.509007536311457e-01	2.970524775290608e-01	1.686378890373759e-01	1.736514214052378e-01	3.606582120283253e-01
255000	-9.513595675193685e+03	4.349775494770508e-01	2.882956675019039e-01	1.722480134196203e-01	1.587404119020477e-01	3.807159071764281e-01
256000	-9.501205776529790e+03	4.336547029103923e-01	2.988924502565482e-01	1.745903146002046e-01	1.568741901233758e-01	3.696430450198715e-01
257000	-9.491701758787493e+03	4.470435610525142e-01	2.905540459964681e-01	1.833115725835306e-01	1.569768137889743e-01	3.691575676310269e-01
258000	-9.494405612652534e+03	4.323517106732855e-01	2.942661467950849e-01	1.694447864701620e-01	1.624753858145821e-01	3.738136809201710e-01
259000	-9.488240350768294e+03	4.254864426371726e-01	2.942661467950849e-01	1.694447864701620e-01	1.651056726537338e-01	3.711833940810194e-01
260000	-9.511079574259647e+03	4.348220063719416e-01	2.907290604851229e-01	1.734357294925521e-01	1.670952685052297e-01	3.687399415170953e-01
261000	-9.501741179626835e+03	4.430557625169513e-01	2.934239379443899e-01	1.749023738089154e-01	1.566446290670662e-01	3.750290591796286e-01
262000	-9.493308561778244e+03	4.191742590060109e-01	2.926611635334844e-01	1.770219775579902e-01	1.607696327169742e-01	3.695472261915513e-01
263000	-9.509315526158154e+03	4.369065306592615e-01	2.984077561885480e-01	1.712753849029266e-01	1.607696327169742e-01	3.695472261915513e-01
264000	-9.515633320000259e+03	4.381814996246597e-01	2.969013602157225e-01	1.699892585991443e-01	1.698031089547145e-01	3.633062722304188e-01
265000	-9.505889858839982e+03	4.305129031777990e-01	3.097304910668026e-01	1.707229047261764e-01	1.545689606964301e-01	3.649776435105909e-01
266000	-9.504037666723234e+03	4.117756714783249e-01	2.788287018342577e-01	1.889948740352401e-01	1.728735029370086e-01	3.593029211934937e-01
267000	-9.496426313730213e+03	4.387528103035156e-01	2.976628626041608e-01	1.762860722315220e-01	1.672165834219652e-01	3.588344817423522e-01
268000	-9.477033358755267e+03	4.153912900221555e-01	2.976628626041608e-01	1.742109408831691e-01	1.672165834219652e-01	3.609096130907050e-01
269000	-9.499180885715101e+03	4.245128616824982e-01	3.029086642226001e-01	1.695457279236608e-01	1.619707818035258e-01	3.655748260502133e-01
270000	-9.501051271461452e+03	4.130825376593208e-01	2.985164577041832e-01	1.728196930195068e-01	1.682670023974222e-01	3.603968468788879e-01
271000	-9.516139076691426e+03	4.259929507578056e-01	2.986641842635666e-01	1.836511133012132e-01	1.607605852853717e-01	3.569241171498487e-01
272000	-9.482745007329797e+03	4.145518013634679e-01	2.990574543723961e-01	1.717838753007429e-01	1.668601946086666e-01	3.622984757181945e-01
273000	-9.490365607645030e+03	4.238758717055439e-01	3.134168939989974e-01	1.660301391986168e-01	1.525391242442717e-01	3.680138425581142e-01
274000	-9.485346068421288e+03	3.958940985638620e-01	2.966794502129080e-01	1.667212957410025e-01	1.647081230599117e-01	3.718911309861777e-01
275000	-9.490950525469714e+03	4.258152748723101e-01	2.908129861834829e-01	1.758587986830405e-01	1.713877249623529e-01	3.619404901711236e-01
276000	-9.490928014871861e+03	4.227689378628053e-01	2.960243904746482e-01	1.702180389755870e-01	1.718170803786411e-01	3.619404901711236e-01
277000	-9.487706290583277e+03	4.282343964232098e-01	2.948964604951086e-01	1.702180389755870e-01	1.729450103581807e-01	3.619404901711236e-01
278000	-9.496820052949903e+03	4.489318779023168e-01	2.928972159415923e-01	1.815713776360004e-01	1.567464318187385e-01	3.687849746036688e-01
279000	-9.509112999875471e+03	4.367085084744793e-01	2.931449561262535e-01	1.675151942788979e-01	1.622308961674985e-01	3.771089534273500e-01
280000	-9.506029704697805e+03	4.348174825315143e-01	2.955744442383817e-01	1.758791826640834e-01	1.595830923626032e-01	3.689632807349317e-01
281000	-9.515481605723891e+03	4.288598858760025e-01	3.038554366630100e-01	1.675981902394551e-01	1.595830923626032e-01	3.689632807349317e-01
282000	-9.495096019526249e+03	4.248936466213496e-01	2.926969810407820e-01	1.729035486267781e-01	1.651338041993012e-01	3.692656661331387e-01
283000	-9.483308840777039e+03	4.315096210446541e-01	2.926969810407820e-01	1.729035486267781e-01	1.651338041993012e-01	3.692656661331387e-01
284000	-9.491264828942903e+03	4.390604771265177e-01	2.980506231570167e-01	1.644320455146372e-01	1.637400250332254e-01	3.737773062951207e-01
285000	-9.491975294732605e+03	4.365727296827822e-01	2.905778736679257e-01	1.641144517507580e-01	1.701831739431102e-01	3.751245006382061e-01
