[ID: 7221362421]
Gen	LnL	TL	pi(A)	pi(C)	pi(G)	pi(T)
0	-2.379953831339481e+04	2.229999999999996e+00	2.500000000000000e-01	2.500000000000000e-01	2.500000000000000e-01	2.500000000000000e-01
1000	-1.465478673294304e+04	5.847399805830070e-01	2.790663194449104e-01	1.557271740358037e-01	1.770974720847683e-01	3.881090344345178e-01
2000	-1.282619055150257e+04	6.038199703530236e-01	2.918428668181416e-01	1.738899485587260e-01	1.652210290754789e-01	3.690461555476535e-01
3000	-1.173974103737108e+04	5.170804961063918e-01	2.969909071493692e-01	1.738899485587260e-01	1.637929045765281e-01	3.653262397153766e-01
4000	-1.085258011537019e+04	4.577292710625220e-01	2.884942761005096e-01	1.742342845077086e-01	1.763377039305955e-01	3.609337354611863e-01
5000	-1.025183338434965e+04	4.449983047513399e-01	3.027602043061489e-01	1.695087796941213e-01	1.534837055211714e-01	3.742473104785586e-01
6000	-1.002915382232304e+04	4.291823624379533e-01	3.019491175501769e-01	1.837751186509724e-01	1.617518121719631e-01	3.525239516268874e-01
7000	-9.885995231563405e+03	4.303353799753895e-01	2.970348694671498e-01	1.734665136382491e-01	1.660740290506620e-01	3.634245878439392e-01
8000	-9.712826716156373e+03	4.324961748341523e-01	2.911775302573386e-01	1.852161701339917e-01	1.645210827536936e-01	3.590852168549760e-01
9000	-9.603464050274011e+03	4.281133111810450e-01	3.037034726684810e-01	1.590704772332502e-01	1.698864275448324e-01	3.673396225534364e-01
10000	-9.573725524987723e+03	4.371478123395477e-01	2.886303905093755e-01	1.752574519343233e-01	1.728300713696885e-01	3.632820861866127e-01
11000	-9.549360780411433e+03	4.202777107383797e-01	2.886303905093755e-01	1.752574519343233e-01	1.728300713696885e-01	3.632820861866127e-01
12000	-9.562016817497133e+03	4.207327434006716e-01	2.886303905093755e-01	1.796297606597754e-01	1.684577626442365e-01	3.632820861866127e-01
13000	-9.557928069732181e+03	4.497060176748712e-01	2.941711136761769e-01	1.638606593087847e-01	1.596398412676557e-01	3.823283857473826e-01
14000	-9.544992942289597e+03	4.219440962508845e-01	2.999481253001503e-01	1.629495768287837e-01	1.613325167767100e-01	3.757697810943559e-01
15000	-9.540871152452695e+03	4.297013213815846e-01	2.819368781377127e-01	1.813631546619915e-01	1.693331991091173e-01	3.673667680911785e-01
16000	-9.523912483042301e+03	4.217192031044334e-01	3.013508775153964e-01	1.842949092939511e-01	1.584082280501517e-01	3.559459851405009e-01
17000	-9.532108903514483e+03	4.326978279119821e-01	3.010647566135038e-01	1.688005299677892e-01	1.613564519696819e-01	3.687782614490250e-01
18000	-9.499087961895191e+03	4.054119990502426e-01	2.788069580633302e-01	1.811327885128262e-01	1.667000247936614e-01	3.733602286301821e-01
19000	-9.516044709012645e+03	4.349618632374818e-01	3.009668160049865e-01	1.696608031648585e-01	1.646264051233282e-01	3.647459757068269e-01
20000	-9.521472125978398e+03	4.369423012940781e-01	2.828067099593992e-01	1.696608031648585e-01	1.675785660355740e-01	3.799539208401682e-01
21000	-9.512774358214099e+03	4.191736097310137e-01	2.964521347067376e-01	1.752514262734085e-01	1.639022914884948e-01	3.643941475313592e-01
22000	-9.518043521496485e+03	4.201450536535709e-01	2.964521347067376e-01	1.752514262734085e-01	1.639022914884948e-01	3.643941475313592e-01
23000	-9.523437818518069e+03	4.260552131693880e-01	2.949592840722891e-01	1.752514262734085e-01	1.639022914884948e-01	3.658869981658077e-01
24000	-9.500231395885303e+03	4.087376876437417e-01	2.951435521445273e-01	1.846878353667853e-01	1.596965325068795e-01	3.604720799818079e-01
25000	-9.489821766341618e+03	3.958786380178809e-01	2.986361110630167e-01	1.700551979953518e-01	1.596965325068795e-01	3.716121584347520e-01
26000	-9.499456500867673e+03	4.033653768551879e-01	2.973803644628087e-01	1.706517231080125e-01	1.703012943511602e-01	3.616666180780186e-01
27000	-9.503645190542704e+03	4.124478770832329e-01	3.038575329872852e-01	1.702855086687112e-01	1.703012943511602e-01	3.555556639928434e-01
28000	-9.515429815881020e+03	4.431496544208826e-01	2.934341360626440e-01	1.727355030222220e-01	1.671092766149856e-01	3.667210843001484e-01
29000	-9.495447740790383e+03	4.014808953102367e-01	2.934341360626440e-01	1.727355030222220e-01	1.671092766149856e-01	3.667210843001484e-01
30000	-9.514684308700562e+03	4.583259967257617e-01	2.888783863535561e-01	1.736931898156177e-01	1.714009637941313e-01	3.660274600366950e-01
31000	-9.524663588490997e+03	4.464811110672956e-01	2.740753628876807e-01	1.693533787456093e-01	1.697340808589927e-01	3.868371775077175e-01
32000	-9.521021342607623e+03	4.555094863270414e-01	2.981020302125539e-01	1.666304744382487e-01	1.572309400346966e-01	3.780365553145007e-01
33000	-9.516853310513472e+03	4.360459491521123e-01	2.986786804080836e-01	1.768529582159936e-01	1.702955287984699e-01	3.541728325774528e-01
34000	-9.511453278912049e+03	4.082237736455491e-01	2.935879333702974e-01	1.819437052537798e-01	1.702955287984699e-01	3.541728325774528e-01
35000	-9.496135829540352e+03	4.186312086624884e-01	2.911930396806408e-01	1.701928697326892e-01	1.734834329961410e-01	3.651306575905290e-01
36000	-9.506779335884074e+03	4.232645292581571e-01	2.911930396806408e-01	1.853144218030181e-01	1.583618809258121e-01	3.651306575905290e-01
37000	-9.502267657684417e+03	4.225169279637033e-01	3.071723265121864e-01	1.683492612713132e-01	1.515447833991037e-01	3.729336288173968e-01
38000	-9.508715795346669e+03	4.250594953871096e-01	2.881048379613752e-01	1.731507188013888e-01	1.666136563128345e-01	3.721307869244014e-01
39000	-9.491050142027600e+03	4.203956001243596e-01	2.934017790439011e-01	1.757818337035595e-01	1.619451739763647e-01	3.688712132761747e-01
40000	-9.504591227193478e+03	4.081107593650596e-01	2.834201759846943e-01	1.775660553597357e-01	1.708251976277749e-01	3.681885710277951e-01
41000	-9.492919561941755e+03	4.063048839487721e-01	2.910506035558694e-01	1.747541898677678e-01	1.642765090541968e-01	3.699186975221660e-01
42000	-9.506202235125553e+03	4.277854456789237e-01	3.067699969605445e-01	1.707149360674109e-01	1.531140278418832e-01	3.694010391301615e-01
43000	-9.472751817435919e+03	3.978751803021942e-01	3.007547827940555e-01	1.652805133957665e-01	1.637741660175870e-01	3.701905377925911e-01
44000	-9.495608863377922e+03	3.978812736703132e-01	2.898919327566425e-01	1.734238367557252e-01	1.654012585386184e-01	3.712829719490139e-01
45000	-9.496233333282851e+03	4.506297570420242e-01	2.953280636669177e-01	1.767574772082018e-01	1.655136736587629e-01	3.624007854661175e-01
46000	-9.506890408485182e+03	4.557093799597366e-01	2.966191833178775e-01	1.767574772082018e-01	1.655136736587629e-01	3.611096658151577e-01
47000	-9.498502331906167e+03	4.325713386787653e-01	2.920345615629119e-01	1.751608286686184e-01	1.620631087250042e-01	3.707415010434655e-01
48000	-9.491580160287083e+03	4.125329614221628e-01	2.817438572962056e-01	1.736598993447060e-01	1.576868448222399e-01	3.869093985368485e-01
49000	-9.500247296177116e+03	4.374045609546481e-01	2.817438572962056e-01	1.724056363170993e-01	1.576868448222399e-01	3.881636615644551e-01
50000	-9.503546650851000e+03	4.148493289541700e-01	2.795430336494595e-01	1.684660225439952e-01	1.685234213787292e-01	3.834675224278160e-01
51000	-9.502560520238621e+03	4.172847397920128e-01	2.944244499968433e-01	1.713297894111181e-01	1.664302852721678e-01	3.678154753198709e-01
52000	-9.478643058979382e+03	3.995404417882831e-01	3.019447305252548e-01	1.758032482722491e-01	1.511037654680423e-01	3.711482557344538e-01
53000	-9.502891929807411e+03	4.328912756286181e-01	2.944244499968433e-01	1.797604612798752e-01	1.579996134034107e-01	3.678154753198709e-01
54000	-9.522733399738649e+03	4.349442835458516e-01	2.934196549416562e-01	1.780791308847735e-01	1.713995690137877e-01	3.571016451597827e-01
55000	-9.498349992737261e+03	4.263201447011764e-01	2.873248884581735e-01	1.780791308847735e-01	1.713995690137877e-01	3.631964116432654e-01
56000	-9.514004373334503e+03	4.516150148081625e-01	2.937889472997715e-01	1.779443821857192e-01	1.624491187210244e-01	3.658175517934850e-01
57000	-9.500198758568902e+03	4.199588207362507e-01	2.861055169341762e-01	1.723016699892018e-01	1.706904495329341e-01	3.709023635436879e-01
58000	-9.506028344418592e+03	4.392664397268756e-01	3.053206821374773e-01	1.670091860772683e-01	1.567677682415666e-01	3.709023635436879e-01
59000	-9.502758596188753e+03	4.212506376942065e-01	3.056151031418053e-01	1.670091860772683e-01	1.567677682415666e-01	3.706079425393600e-01
60000	-9.494123456747202e+03	4.176421495022047e-01	2.839011144271470e-01	1.751283903667106e-01	1.700702096203539e-01	3.709002855857885e-01
61000	-9.507645820675154e+03	4.347175491191050e-01	2.957249448208387e-01	1.720909914318418e-01	1.611144069756926e-01	3.710696567716268e-01
62000	-9.509377966915379e+03	4.590954978212328e-01	2.976408257533726e-01	1.701751104993079e-01	1.611144069756926e-01	3.710696567716268e-01
63000	-9.503205840022965e+03	4.455791848368216e-01	2.969280688370566e-01	1.701751104993079e-01	1.665075095746071e-01	3.663893110890284e-01
64000	-9.494931533548057e+03	4.345595734894381e-01	2.917538417486160e-01	1.695528943644458e-01	1.690954460259376e-01	3.695978178610006e-01
65000	-9.484669408159103e+03	4.298203347003839e-01	2.955125691840946e-01	1.819995771838253e-01	1.696984513287191e-01	3.527894023033610e-01
66000	-9.485443525537285e+03	4.341498597491812e-01	2.867609947562491e-01	1.750893803199778e-01	1.610680020039800e-01	3.770816229197930e-01
67000	-9.491220723827611e+03	4.459585715545263e-01	2.981751970148691e-01	1.663477425853514e-01	1.676122553995232e-01	3.678648050002563e-01
68000	-9.484319354597641e+03	4.103221072268512e-01	2.981751970148691e-01	1.714652876144767e-01	1.691277821015284e-01	3.612317332691258e-01
69000	-9.500568004370616e+03	4.475824089803589e-01	2.981751970148691e-01	1.714652876144767e-01	1.713291431124086e-01	3.590303722582456e-01
70000	-9.504522121841059e+03	4.487563890817769e-01	2.983369464161460e-01	1.730141691675833e-01	1.676941672127641e-01	3.609547172035065e-01
71000	-9.497605488361107e+03	4.234308401310388e-01	2.982675091560324e-01	1.694141586030464e-01	1.565550214014921e-01	3.757633108394292e-01
72000	-9.510423571364625e+03	4.254716741455100e-01	2.894414176303083e-01	1.741878321183848e-01	1.606074394118778e-01	3.757633108394292e-01
73000	-9.489999276428918e+03	4.254701270268097e-01	2.911442792732885e-01	1.741878321183848e-01	1.606074394118778e-01	3.740604491964491e-01
74000	-9.494056791143797e+03	4.316304604011234e-01	2.911442792732885e-01	1.741878321183848e-01	1.606074394118778e-01	3.740604491964491e-01
75000	-9.497392830066650e+03	4.427790220819273e-01	2.935534319763478e-01	1.673334472626138e-01	1.740589303425331e-01	3.650541904185053e-01
76000	-9.475610250821137e+03	4.248276164982918e-01	2.902572772641392e-01	1.674403072344348e-01	1.675598951819439e-01	3.747425203194821e-01
77000	-9.497658961797497e+03	4.428690416835201e-01	2.889476126729811e-01	1.690457429858474e-01	1.625668820698425e-01	3.794397622713290e-01
78000	-9.496227813277263e+03	4.297433120037514e-01	2.923333993063478e-01	1.656599563524808e-01	1.625668820698425e-01	3.794397622713290e-01
79000	-9.471363202632549e+03	4.122107975231664e-01	2.971224369936940e-01	1.748199445088721e-01	1.785120393536357e-01	3.495455791437982e-01
80000	-9.469122838426127e+03	4.051986136255910e-01	3.024747615009064e-01	1.748410888770118e-01	1.714013013605638e-01	3.512828482615181e-01
81000	-9.478602480796948e+03	4.315802334646872e-01	3.058853205002823e-01	1.700387083947384e-01	1.669846605663007e-01	3.570913105386786e-01
82000	-9.482475909164627e+03	4.215304266947370e-01	2.965490642622204e-01	1.819203274252323e-01	1.551651963298530e-01	3.663654119826943e-01
83000	-9.500917153312263e+03	4.315921801291324e-01	2.902365863446351e-01	1.819203274252323e-01	1.634504828736270e-01	3.643926033565057e-01
84000	-9.474432014831924e+03	4.154807096991200e-01	2.955632993052690e-01	1.652060233815502e-01	1.593058134332816e-01	3.799248638798993e-01
85000	-9.469553374676201e+03	4.076379792595482e-01	2.955632993052690e-01	1.819897512687528e-01	1.593058134332816e-01	3.631411359926967e-01
86000	-9.474550382469371e+03	4.145276099998105e-01	2.995233584545669e-01	1.708356020415673e-01	1.640499593216807e-01	3.655910801821851e-01
87000	-9.510044468844140e+03	4.320174053511522e-01	2.954306625505154e-01	1.663554457195354e-01	1.700434155318833e-01	3.681704761980659e-01
88000	-9.508382036156112e+03	4.374944578830152e-01	2.952478592537240e-01	1.742350697174417e-01	1.609603660695760e-01	3.695567049592582e-01
89000	-9.511991730334481e+03	4.332102388167065e-01	2.898479225806280e-01	1.722140408487941e-01	1.604096434806283e-01	3.775283930899497e-01
90000	-9.517473525199972e+03	4.174279200119788e-01	2.948927620844417e-01	1.642374351099656e-01	1.767946788387169e-01	3.640751239668759e-01
91000	-9.504070290718084e+03	4.350014218084895e-01	3.011216870682263e-01	1.790551748861798e-01	1.576271184518776e-01	3.621960195937162e-01
92000	-9.499326982131190e+03	4.245582221401845e-01	3.011216870682263e-01	1.790551748861798e-01	1.576271184518776e-01	3.621960195937162e-01
93000	-9.519841997640548e+03	4.317299896609956e-01	2.940465142090126e-01	1.637942742054640e-01	1.622013790309191e-01	3.799578325546043e-01
94000	-9.511950744903168e+03	4.232395008927308e-01	2.922189303288914e-01	1.818547461999396e-01	1.643946391157373e-01	3.615316843554316e-01
95000	-9.513600329034731e+03	4.470459168625304e-01	2.882279057602457e-01	1.830143976684944e-01	1.589577656042985e-01	3.697999309669614e-01
96000	-9.515014579336415e+03	4.562593839251003e-01	2.882279057602457e-01	1.777433068572418e-01	1.652640177301936e-01	3.687647696523190e-01
97000	-9.487415427982700e+03	4.221865176821740e-01	3.001159132684657e-01	1.654190778290325e-01	1.652640177301936e-01	3.692009911723083e-01
98000	-9.473128213761574e+03	3.995147620494935e-01	2.975343273968059e-01	1.742607726946877e-01	1.607250267406550e-01	3.674798731678514e-01
99000	-9.510201772088292e+03	4.354464578244915e-01	2.975343273968059e-01	1.691596370049984e-01	1.688646184924252e-01	3.644414171057704e-01
100000	-9.511308878064570e+03	4.304680696223424e-01	2.975343273968059e-01	1.691596370049984e-01	1.690841814003365e-01	3.642218541978591e-01
101000	-9.484857939818283e+03	4.200141779370162e-01	2.937488116345487e-01	1.780072098620032e-01	1.573775004029452e-01	3.708664781005029e-01
102000	-9.481836983743786e+03	4.137395095775552e-01	2.914526022099371e-01	1.780072098620032e-01	1.596737098275568e-01	3.708664781005029e-01
103000	-9.510405920748535e+03	3.942714843387627e-01	2.824458578208937e-01	1.786737207877631e-01	1.703559635728175e-01	3.685244578185256e-01
104000	-9.515013876928626e+03	4.323515703603766e-01	2.922414282542888e-01	1.855163850558090e-01	1.703559635728175e-01	3.518862231170845e-01
105000	-9.492878087994650e+03	4.019690310997922e-01	3.055801397222546e-01	1.588901060442459e-01	1.570172521048518e-01	3.785125021286477e-01
106000	-9.496044432137445e+03	4.143403330005269e-01	2.940082403672951e-01	1.747991264662787e-01	1.585064711181114e-01	3.726861620483149e-01
107000	-9.501458093285401e+03	4.437394339565658e-01	2.995615467258272e-01	1.715587426031446e-01	1.684198902584762e-01	3.604598204125519e-01
108000	-9.480639429689096e+03	4.031379189809943e-01	2.936208294458431e-01	1.811833207636587e-01	1.625259471023162e-01	3.626699026881822e-01
109000	-9.482169308616469e+03	4.124130701138532e-01	3.024384117749855e-01	1.772063090634408e-01	1.625259471023162e-01	3.578293320592576e-01
110000	-9.501190494352582e+03	4.345331499725327e-01	2.856061605651021e-01	1.866940708595004e-01	1.625259471023162e-01	3.651738214730814e-01
111000	-9.496480423760451e+03	4.139817356119257e-01	2.985627505880339e-01	1.674261797750600e-01	1.630030516768975e-01	3.710080179600085e-01
112000	-9.518480932176486e+03	4.137011927794392e-01	2.963674937560427e-01	1.696214366070513e-01	1.630030516768975e-01	3.710080179600085e-01
113000	-9.544438482324726e+03	4.495670166036911e-01	2.904005481126118e-01	1.796717851846849e-01	1.578405878402714e-01	3.720870788624318e-01
114000	-9.512266506952797e+03	4.228205637459518e-01	2.908219718955752e-01	1.747831948858731e-01	1.680051653159919e-01	3.663896679025600e-01
115000	-9.506235596651035e+03	4.228904031022781e-01	2.981055297353567e-01	1.674996370460916e-01	1.680051653159919e-01	3.663896679025600e-01
116000	-9.502923352116100e+03	4.226549128438339e-01	2.939492266954410e-01	1.674996370460916e-01	1.680051653159919e-01	3.705459709424757e-01
117000	-9.508648134989806e+03	3.956275290742091e-01	2.939492266954410e-01	1.671894911359966e-01	1.683153112260868e-01	3.705459709424757e-01
118000	-9.520348865897648e+03	4.261646358141418e-01	2.939492266954410e-01	1.671894911359966e-01	1.723445901327640e-01	3.665166920357985e-01
119000	-9.510741948410694e+03	4.194276029762777e-01	3.023992488592699e-01	1.787339404951850e-01	1.668853438837031e-01	3.519814667618421e-01
120000	-9.514805790666340e+03	4.386788155935658e-01	2.868433744534970e-01	1.699957287193126e-01	1.704316946231671e-01	3.727292022040231e-01
121000	-9.522108600624199e+03	4.573083243887746e-01	2.902106427100379e-01	1.754045997121827e-01	1.643893782219742e-01	3.699953793558051e-01
122000	-9.515201546418104e+03	4.294481740887587e-01	2.902106427100379e-01	1.729020891999844e-01	1.668918887341725e-01	3.699953793558051e-01
123000	-9.505479167293195e+03	4.247789200634622e-01	2.997644793325418e-01	1.729020891999844e-01	1.573380521116686e-01	3.699953793558051e-01
124000	-9.517978573026498e+03	4.263922477223127e-01	3.025492741284251e-01	1.726174666342964e-01	1.618754981856313e-01	3.629577610516470e-01
125000	-9.490511945710385e+03	4.232481320520790e-01	2.951827874782881e-01	1.767778854916453e-01	1.635507223043263e-01	3.644886047257403e-01
126000	-9.493044495992179e+03	4.138502998745298e-01	3.004539624083086e-01	1.642100448021126e-01	1.582357725106646e-01	3.771002202789140e-01
127000	-9.515376982385367e+03	4.470003763511007e-01	2.934001136423200e-01	1.727232806729401e-01	1.588409392016875e-01	3.750356664830524e-01
128000	-9.488106173776016e+03	4.089020010679349e-01	3.154620172010829e-01	1.716502630315266e-01	1.591843102002433e-01	3.537034095671471e-01
129000	-9.502300914575781e+03	4.544980170853078e-01	2.928980267012916e-01	1.716502630315266e-01	1.726424133485252e-01	3.628092969186564e-01
130000	-9.480607069449421e+03	4.163140580594673e-01	2.928980267012916e-01	1.748354674310502e-01	1.558045008905541e-01	3.764620049771039e-01
131000	-9.488114819088167e+03	4.229845181939540e-01	2.928980267012916e-01	1.748354674310502e-01	1.558045008905541e-01	3.764620049771039e-01
132000	-9.509718034043684e+03	4.453786354628080e-01	2.908239606786179e-01	1.748354674310502e-01	1.578785669132278e-01	3.764620049771039e-01
133000	-9.495586501034511e+03	4.405775157174891e-01	2.908239606786179e-01	1.748354674310502e-01	1.578785669132278e-01	3.764620049771039e-01
134000	-9.496345367981810e+03	4.459808255841438e-01	3.117215690666121e-01	1.682571204339164e-01	1.637737862268849e-01	3.562475242725866e-01
135000	-9.497579847427487e+03	4.181862067278348e-01	3.060805525615222e-01	1.685083412384010e-01	1.608345203412000e-01	3.645765858588768e-01
136000	-9.495578336990922e+03	4.212965780638733e-01	2.911554082344734e-01	1.809643847237564e-01	1.609415401129957e-01	3.669386669287745e-01
137000	-9.506659614296401e+03	4.386707398587323e-01	2.911554082344734e-01	1.803668168044753e-01	1.615391080322768e-01	3.669386669287745e-01
138000	-9.500505821785204e+03	4.395212880235377e-01	2.911554082344734e-01	1.775620660278238e-01	1.643438588089282e-01	3.669386669287745e-01
139000	-9.491762324715124e+03	3.977696885940192e-01	2.986366825616364e-01	1.700807917006609e-01	1.643438588089282e-01	3.669386669287745e-01
140000	-9.496116100113581e+03	4.046296193338791e-01	2.907650402216396e-01	1.779524340406576e-01	1.643438588089282e-01	3.669386669287745e-01
141000	-9.500803563560508e+03	4.070418682827762e-01	2.910859374381605e-01	1.747626832913721e-01	1.757919256624720e-01	3.583594536079954e-01
142000	-9.520570017046231e+03	4.113823026024567e-01	2.955281451506493e-01	1.747626832913721e-01	1.757919256624720e-01	3.539172458955066e-01
143000	-9.509405104979509e+03	4.083776589803813e-01	2.955281451506493e-01	1.747626832913721e-01	1.757919256624720e-01	3.539172458955066e-01
144000	-9.496585774722742e+03	4.197818139102821e-01	3.017796662278017e-01	1.699307273938726e-01	1.691646817749536e-01	3.591249246033721e-01
145000	-9.504254051720838e+03	4.336093770292836e-01	3.017796662278017e-01	1.699307273938726e-01	1.691646817749536e-01	3.591249246033721e-01
146000	-9.500363684669988e+03	4.302572201275585e-01	2.936311938738554e-01	1.780791997478190e-01	1.660835210792059e-01	3.622060852991199e-01
147000	-9.515493684423715e+03	4.365669744847737e-01	2.929694628719003e-01	1.842921207719938e-01	1.588396333946495e-01	3.638987829614564e-01
148000	-9.497197982982612e+03	4.134410254965282e-01	2.922813520063349e-01	1.724524570655419e-01	1.681481999119282e-01	3.671179910161950e-01
149000	-9.515340877904573e+03	4.160125466751196e-01	3.070778151603563e-01	1.737772538685733e-01	1.692458788610948e-01	3.498990521099757e-01
150000	-9.531357291250446e+03	4.441045519090682e-01	2.968266829351411e-01	1.681242553658250e-01	1.692458788610948e-01	3.658031828379392e-01
151000	-9.488332418585192e+03	3.995526832340996e-01	2.954300036027745e-01	1.663370177965178e-01	1.638944222175678e-01	3.743385563831400e-01
152000	-9.525101072280409e+03	4.263988819677383e-01	3.015133083214959e-01	1.725297478552536e-01	1.693773348772558e-01	3.565796089459948e-01
153000	-9.523970781540731e+03	4.207768126127100e-01	2.948349153012274e-01	1.726256350941514e-01	1.699677975273347e-01	3.625716520772866e-01
154000	-9.523992415849045e+03	4.270718902237475e-01	2.920841948124957e-01	1.752873772400641e-01	1.681964833070597e-01	3.644319446403805e-01
155000	-9.530951422563159e+03	4.173991503234040e-01	2.918566747372171e-01	1.755148973153426e-01	1.726615529234155e-01	3.599668750240247e-01
156000	-9.538024417018905e+03	4.467670538590308e-01	3.038972151297298e-01	1.743127235184992e-01	1.668386793565042e-01	3.549513819952670e-01
157000	-9.503961178879330e+03	4.141735342390050e-01	2.979619095518242e-01	1.829279189598362e-01	1.565137026330300e-01	3.625964688553096e-01
158000	-9.498523569225734e+03	4.010336706840970e-01	2.979619095518242e-01	1.789848849743776e-01	1.604567366184887e-01	3.625964688553096e-01
159000	-9.505665591193720e+03	4.053331283311447e-01	2.979619095518242e-01	1.704038369586490e-01	1.628854200564924e-01	3.687488334330344e-01
160000	-9.495817856340542e+03	4.060601736185612e-01	2.967542308605864e-01	1.644973573402022e-01	1.614117387864104e-01	3.773366730128010e-01
161000	-9.513518459228770e+03	4.280638395976511e-01	2.930387081457909e-01	1.816012984353689e-01	1.562300627479612e-01	3.691299306708789e-01
162000	-9.509675886380222e+03	4.048569938662878e-01	2.943774302418087e-01	1.726980102136152e-01	1.717477371523713e-01	3.611768223922048e-01
163000	-9.522387045909281e+03	4.252161372128337e-01	2.943774302418087e-01	1.773235423760066e-01	1.719039392619881e-01	3.563950881201966e-01
164000	-9.508476346901218e+03	4.140654047384490e-01	3.073411018556872e-01	1.676278939742758e-01	1.719039392619881e-01	3.531270649080489e-01
165000	-9.516840996836372e+03	4.134508680036976e-01	2.910914810730321e-01	1.681992464424035e-01	1.778645853776600e-01	3.628446871069044e-01
166000	-9.501672222360325e+03	4.107460214252009e-01	2.955660553206497e-01	1.697058986442101e-01	1.656309782599729e-01	3.690970677751674e-01
167000	-9.503084232586689e+03	4.200466543061133e-01	2.847205355768231e-01	1.614113730756006e-01	1.748714810275736e-01	3.789966103200028e-01
168000	-9.497423847655906e+03	4.246326017564678e-01	3.011255323569905e-01	1.714752190713273e-01	1.584664842474063e-01	3.689327643242761e-01
169000	-9.493481938692523e+03	4.103663632745663e-01	2.985355335878729e-01	1.684899786307226e-01	1.708509229984738e-01	3.621235647829307e-01
170000	-9.488762081335819e+03	4.077815287220850e-01	3.023605917356176e-01	1.684899786307226e-01	1.670258648507291e-01	3.621235647829307e-01
171000	-9.488430272366915e+03	4.178767878017777e-01	2.876961857589976e-01	1.695805755676572e-01	1.798571973904967e-01	3.628660412828486e-01
172000	-9.466557581791933e+03	4.049976720971269e-01	3.049144602605663e-01	1.715367486318125e-01	1.643193935660645e-01	3.592293975415567e-01
173000	-9.472011412806733e+03	4.162894002601334e-01	3.025543094869393e-01	1.714788477687098e-01	1.603817515150042e-01	3.655850912293467e-01
174000	-9.478771034999470e+03	4.286479802743867e-01	2.934289996239222e-01	1.799827307054230e-01	1.665392214297504e-01	3.600490482409044e-01
175000	-9.476443637940931e+03	4.323226116387339e-01	2.927214445006210e-01	1.728709397352839e-01	1.570834604533299e-01	3.773241553107653e-01
176000	-9.472064237207265e+03	4.066549441293311e-01	2.927214445006210e-01	1.697834897951921e-01	1.676864557729474e-01	3.698086099312397e-01
177000	-9.482662317601194e+03	4.487822198523891e-01	2.921449206069066e-01	1.717951242800738e-01	1.571967068836864e-01	3.788632482293333e-01
178000	-9.485730916857392e+03	4.181536339874541e-01	2.896798713073462e-01	1.742928160690911e-01	1.571640643942296e-01	3.788632482293333e-01
179000	-9.477588500365327e+03	4.093444681702337e-01	3.103884554711768e-01	1.720834015918510e-01	1.602498843394097e-01	3.572782585975625e-01
180000	-9.478552043252659e+03	4.168644710766777e-01	2.965430979417628e-01	1.783848676928033e-01	1.630160409628241e-01	3.620559934026097e-01
181000	-9.490695013476172e+03	4.275664594803280e-01	2.956163611734214e-01	1.715038650955037e-01	1.708237803284651e-01	3.620559934026097e-01
182000	-9.485178090950327e+03	4.128481307428675e-01	2.895265410164343e-01	1.780747901889103e-01	1.703426753920456e-01	3.620559934026097e-01
183000	-9.525349063079599e+03	4.555646227357826e-01	2.883131466451278e-01	1.792881845602168e-01	1.703426753920456e-01	3.620559934026097e-01
184000	-9.516785990985751e+03	4.264326318734553e-01	2.958321918144624e-01	1.704500936285571e-01	1.662573489679761e-01	3.674603655890044e-01
185000	-9.500899934519075e+03	4.181058295194828e-01	3.044201073779433e-01	1.704500936285571e-01	1.576694334044953e-01	3.674603655890044e-01
186000	-9.503590883355080e+03	4.081226133245955e-01	2.971949287976427e-01	1.813441502938016e-01	1.578042879304466e-01	3.636566329781091e-01
187000	-9.505674934851002e+03	4.089117002072544e-01	2.867755098668980e-01	1.827505283396940e-01	1.658792399014754e-01	3.645947218919325e-01
188000	-9.486998140978027e+03	3.964159333815815e-01	2.943604048252040e-01	1.801575651430941e-01	1.608873081397693e-01	3.645947218919325e-01
189000	-9.517714962459197e+03	4.383427365975485e-01	2.932794790552251e-01	1.723326045495107e-01	1.651502610200612e-01	3.692376553752033e-01
190000	-9.509533119200754e+03	4.316919914253213e-01	2.913915468016944e-01	1.754138016490006e-01	1.677159184086235e-01	3.654787331406815e-01
191000	-9.498054370314811e+03	4.148184431082096e-01	2.998674304798661e-01	1.646756918829388e-01	1.608652691271648e-01	3.745916085100304e-01
192000	-9.505812765463837e+03	4.581811466327699e-01	3.056165530167557e-01	1.752438440275812e-01	1.558813336795633e-01	3.632582692760999e-01
193000	-9.494496586673582e+03	4.380479264885845e-01	2.942092452128167e-01	1.659546341126447e-01	1.617274191473399e-01	3.781087015271987e-01
194000	-9.516748020676463e+03	4.628960176312118e-01	2.942092452128167e-01	1.659546341126447e-01	1.617274191473399e-01	3.781087015271987e-01
195000	-9.490990965273859e+03	4.255625400857967e-01	3.057891836267800e-01	1.746925740567489e-01	1.632768558928230e-01	3.562413864236480e-01
196000	-9.530301325227561e+03	4.077199351757408e-01	2.901759763245312e-01	1.790824211795973e-01	1.622525916981591e-01	3.684890107977124e-01
197000	-9.504814136268360e+03	4.210382961823027e-01	2.986697108838655e-01	1.640512120302305e-01	1.598014914129621e-01	3.774775856729419e-01
198000	-9.497021110298552e+03	4.361002122251805e-01	2.935270395144939e-01	1.776521954879635e-01	1.704111177052121e-01	3.584096472923304e-01
199000	-9.504339291785423e+03	4.288380109084190e-01	2.918747220599797e-01	1.679101597691454e-01	1.709444697946833e-01	3.692706483761916e-01
200000	-9.470054392678139e+03	3.913662509718893e-01	3.034774181436528e-01	1.669337485055357e-01	1.580551759526114e-01	3.715336573982002e-01
201000	-9.484753404426076e+03	4.354133302419331e-01	3.034774181436528e-01	1.669337485055357e-01	1.580551759526114e-01	3.715336573982002e-01
202000	-9.496842037735953e+03	4.192391139611329e-01	3.063674825045070e-01	1.643354485101418e-01	1.605948129944480e-01	3.687022559909031e-01
203000	-9.491426817463966e+03	4.368758315348354e-01	2.964073870324292e-01	1.760058895280014e-01	1.674557708220345e-01	3.601309526175349e-01
204000	-9.499603531099763e+03	4.323556942403597e-01	3.045729678802225e-01	1.747455696701765e-01	1.626915601716256e-01	3.579899022779754e-01
205000	-9.488276402386407e+03	4.320348931414501e-01	2.855819814284549e-01	1.865708958930617e-01	1.698572204005080e-01	3.579899022779754e-01
206000	-9.491127524176660e+03	4.294784292029048e-01	2.965561184311667e-01	1.729999077227854e-01	1.670363852311917e-01	3.634075886148564e-01
207000	-9.485564529826599e+03	4.279275749203186e-01	2.926837584568249e-01	1.729999077227854e-01	1.645706127803497e-01	3.697457210400401e-01
208000	-9.478997027898989e+03	4.091007667924384e-01	2.926837584568249e-01	1.755456857958035e-01	1.620248347073316e-01	3.697457210400401e-01
209000	-9.494799867244485e+03	4.395216294678719e-01	2.929344020968312e-01	1.698169781306935e-01	1.675028987324353e-01	3.697457210400401e-01
210000	-9.499134732922357e+03	4.105017065038519e-01	3.023873972501529e-01	1.698257845266727e-01	1.580777199335272e-01	3.697090982896470e-01
211000	-9.492361822081521e+03	4.201979539538542e-01	2.895496822203964e-01	1.733885316749206e-01	1.673526878150359e-01	3.697090982896470e-01
212000	-9.504614751420513e+03	4.432005193483655e-01	2.919195270893029e-01	1.733885316749206e-01	1.649828429461295e-01	3.697090982896470e-01
213000	-9.501887897981953e+03	4.500778725235516e-01	3.088476841615860e-01	1.815309728684343e-01	1.580810332465568e-01	3.515403097234228e-01
214000	-9.499203945250360e+03	4.445622711427112e-01	2.923896614534488e-01	1.746014442119136e-01	1.632903935560578e-01	3.697185007785798e-01
215000	-9.480378210243451e+03	4.372776876523355e-01	2.836803141423781e-01	1.789227919024905e-01	1.648845250213892e-01	3.725123689337423e-01
216000	-9.483545422990293e+03	4.323730302010563e-01	2.864563732872853e-01	1.782826079857069e-01	1.647317714314489e-01	3.705292472955591e-01
217000	-9.483443120330236e+03	4.145876404893727e-01	2.888116381862387e-01	1.810656348118610e-01	1.693148632996102e-01	3.608078637022902e-01
218000	-9.500511496823487e+03	4.243568524203767e-01	2.935588671873469e-01	1.681044513268934e-01	1.636802409451367e-01	3.746564405406229e-01
219000	-9.484804508243296e+03	4.162507282133948e-01	2.935588671873469e-01	1.673211430292150e-01	1.636802409451367e-01	3.754397488383013e-01
220000	-9.510712513644638e+03	4.217453813540634e-01	2.876802251274031e-01	1.707921806597381e-01	1.713461004867377e-01	3.701814937261210e-01
221000	-9.490457775490866e+03	4.128249023810522e-01	2.876539102539772e-01	1.810218539477238e-01	1.588067052804079e-01	3.725175305178911e-01
222000	-9.513434798212529e+03	4.313762677450748e-01	2.902424263303316e-01	1.876546252707470e-01	1.584141185983639e-01	3.636888298005574e-01
223000	-9.516437521196192e+03	4.246415075803490e-01	2.758070080049945e-01	1.797630896717060e-01	1.618631563491254e-01	3.825667459741741e-01
224000	-9.482476547737180e+03	3.971677462867719e-01	2.908877424673061e-01	1.696061743543207e-01	1.711897312405950e-01	3.683163519377781e-01
225000	-9.523006993390709e+03	4.391138856669719e-01	2.957932525595200e-01	1.696061743543207e-01	1.662842211483811e-01	3.683163519377781e-01
226000	-9.497559946370406e+03	4.110316908389840e-01	2.978321453476848e-01	1.813174068132004e-01	1.712527935570096e-01	3.495976542821052e-01
227000	-9.509022611707771e+03	4.390960938840622e-01	2.978321453476848e-01	1.813174068132004e-01	1.550714246166119e-01	3.657790232225029e-01
228000	-9.503311388280550e+03	4.184998014496213e-01	2.973763495223632e-01	1.791766600732095e-01	1.639972842156144e-01	3.594497061888130e-01
229000	-9.483067400036934e+03	4.039986837433425e-01	3.003989632117426e-01	1.739840840451780e-01	1.579189976005930e-01	3.676979551424863e-01
230000	-9.513431400195239e+03	4.234211526373144e-01	3.059936798579161e-01	1.775939034490430e-01	1.604380043081889e-01	3.559744123848518e-01
231000	-9.527966234268157e+03	4.243782438228954e-01	3.016738100112952e-01	1.747265956121057e-01	1.633053121451263e-01	3.602942822314728e-01
232000	-9.521183239416041e+03	4.301798255988207e-01	3.005736458299967e-01	1.723560089141995e-01	1.645766752641856e-01	3.624936699916181e-01
233000	-9.524182271568798e+03	4.343365496581723e-01	2.828074344514069e-01	1.790347199577073e-01	1.612211754420914e-01	3.769366701487944e-01
234000	-9.522530707221102e+03	4.284659384683678e-01	2.944381871486083e-01	1.773252789468971e-01	1.614866996541136e-01	3.667498342503810e-01
235000	-9.539015971262352e+03	4.494293414981593e-01	3.110266746982151e-01	1.737114052454563e-01	1.610558231336172e-01	3.542060969227114e-01
236000	-9.498914821302584e+03	4.090989241851278e-01	2.960386029118035e-01	1.730355983987453e-01	1.600297008462138e-01	3.708960978432373e-01
237000	-9.514435174790433e+03	4.144097362990727e-01	3.078391614774161e-01	1.718922781143862e-01	1.506352737260093e-01	3.696332866821883e-01
238000	-9.506198766358093e+03	4.379357766030821e-01	2.926687538851712e-01	1.761784256291127e-01	1.702663838543086e-01	3.608864366314073e-01
239000	-9.505906186823166e+03	4.222134537113138e-01	2.925820675774010e-01	1.785079709791001e-01	1.631583724583370e-01	3.657515889851620e-01
240000	-9.502258342047744e+03	4.379608514652656e-01	3.035737649170839e-01	1.704439813111757e-01	1.631583724583370e-01	3.628238813134034e-01
241000	-9.527310854565994e+03	4.270266590635559e-01	2.953079163284540e-01	1.655089130114800e-01	1.644283458944090e-01	3.747548247656570e-01
242000	-9.511322114602825e+03	4.145367179616787e-01	2.958564339452689e-01	1.686008159784502e-01	1.575629843077012e-01	3.779797657685797e-01
243000	-9.515084691121161e+03	4.472800422664621e-01	3.056441826668347e-01	1.677727429287477e-01	1.540985927303902e-01	3.724844816740273e-01
244000	-9.511109308168874e+03	4.273315786843533e-01	3.003796616788333e-01	1.696177109427466e-01	1.620564865793924e-01	3.679461407990277e-01
245000	-9.512575385489119e+03	4.233729008294947e-01	3.003796616788333e-01	1.696177109427466e-01	1.595667670208759e-01	3.704358603575442e-01
246000	-9.513310039892362e+03	4.327815463004163e-01	3.001471985749375e-01	1.789288436369249e-01	1.662702165553702e-01	3.546537412327673e-01
247000	-9.508422595455262e+03	4.040217956249992e-01	2.959342682820158e-01	1.794895714840573e-01	1.608377171194746e-01	3.637384431144524e-01
248000	-9.512841088385752e+03	4.136853454082852e-01	2.972920963940285e-01	1.794895714840573e-01	1.608377171194746e-01	3.623806150024397e-01
249000	-9.504379050740019e+03	4.104570271180170e-01	3.051931875528527e-01	1.612686852875494e-01	1.614309537259618e-01	3.721071734336360e-01
250000	-9.507017839052351e+03	4.429949185457512e-01	2.863618380088392e-01	1.829999336957133e-01	1.573546193249968e-01	3.732836089704506e-01
251000	-9.503608809256060e+03	4.166856162231499e-01	2.993379943774533e-01	1.865330933721024e-01	1.559129983058150e-01	3.582159139446293e-01
252000	-9.477411191408917e+03	4.092826115791480e-01	2.977793445818885e-01	1.722660159164680e-01	1.677505557816592e-01	3.622040837199843e-01
253000	-9.485648022146834e+03	4.406985150231471e-01	2.842153431585162e-01	1.783198173532806e-01	1.745386240883054e-01	3.629262153998978e-01
254000	-9.489143320556763e+03	4.273276520588670e-01	2.888725452534364e-01	1.716483161279059e-01	1.626507057875190e-01	3.768284328311388e-01
255000	-9.498397164908412e+03	4.284881452102101e-01	2.903161736104191e-01	1.664926693655065e-01	1.674397493590079e-01	3.757514076650665e-01
256000	-9.517502510435772e+03	4.296633488789371e-01	3.082338226739835e-01	1.665500134761620e-01	1.598425472804617e-01	3.653736165693928e-01
257000	-9.499959476465308e+03	4.374339379932720e-01	2.866290794001679e-01	1.791000702929100e-01	1.705136519876592e-01	3.637571983192628e-01
258000	-9.492161865087035e+03	4.295081153673183e-01	2.956078709748265e-01	1.730770440920627e-01	1.691083413632422e-01	3.622067435698687e-01
259000	-9.504503596004444e+03	4.240090128619014e-01	2.956078709748265e-01	1.730770440920627e-01	1.684729830352183e-01	3.628421018978926e-01
260000	-9.497080530112798e+03	4.331589396954246e-01	2.983767788746642e-01	1.794363322360305e-01	1.601512464318315e-01	3.620356424574739e-01
261000	-9.508487666342415e+03	4.320794982466121e-01	2.927738941587141e-01	1.726073796622541e-01	1.733884387018697e-01	3.612302874771622e-01
262000	-9.501884230647471e+03	4.238356673203371e-01	3.093821877130387e-01	1.676866345044827e-01	1.604558844580269e-01	3.624752933244516e-01
263000	-9.499521208696438e+03	4.086018793590316e-01	2.886188922882134e-01	1.712468363274428e-01	1.716670233295403e-01	3.684672480548035e-01
264000	-9.491755608358213e+03	4.436515512262585e-01	2.894263459406364e-01	1.793286429586073e-01	1.639097215486482e-01	3.673352895521079e-01
265000	-9.493357051449426e+03	4.051728719316811e-01	2.921519062502044e-01	1.761447489300293e-01	1.643680552676582e-01	3.673352895521079e-01
266000	-9.503098307520591e+03	4.173284750647190e-01	2.987680651507741e-01	1.711926809313602e-01	1.625537056223445e-01	3.674855482955212e-01
267000	-9.501139376801537e+03	4.299764209180417e-01	3.022593092723754e-01	1.645123908059229e-01	1.664751181125715e-01	3.667531818091301e-01
268000	-9.513728068931803e+03	4.293526446471735e-01	2.750730065839859e-01	1.830797734679814e-01	1.749950590361408e-01	3.668521609118920e-01
269000	-9.495738039977135e+03	4.127887648098634e-01	2.940282724944135e-01	1.689700970609224e-01	1.650512906944865e-01	3.719503397501776e-01
270000	-9.510961649559609e+03	4.305194924749883e-01	2.959887050056402e-01	1.689700970609224e-01	1.630908581832598e-01	3.719503397501776e-01
271000	-9.508130188927127e+03	4.448793483484877e-01	2.949890166521180e-01	1.817426573981616e-01	1.518115759180780e-01	3.714567500316425e-01
272000	-9.495624815977388e+03	4.197481738257967e-01	3.044610743892664e-01	1.601021357120456e-01	1.639800398670455e-01	3.714567500316425e-01
273000	-9.495266349233814e+03	4.039121625020452e-01	2.919338117921021e-01	1.645122269931649e-01	1.662053290321978e-01	3.773486321825353e-01
274000	-9.500045905738052e+03	4.169490474984083e-01	2.823579969521330e-01	1.698454966947715e-01	1.717235077005089e-01	3.760729986525866e-01
275000	-9.509059991719218e+03	4.106033424861730e-01	2.806643208229194e-01	1.779188124673037e-01	1.576967209811538e-01	3.837201457286232e-01
276000	-9.531832794875323e+03	4.580305056588905e-01	2.935195782884190e-01	1.650635550018040e-01	1.643622842468600e-01	3.770545824629171e-01
277000	-9.504704862876360e+03	4.261416623655540e-01	2.909285691052828e-01	1.761299080057588e-01	1.572127679439168e-01	3.757287549450417e-01
278000	-9.489907034859767e+03	4.196976090689127e-01	2.998684691713132e-01	1.791724995593059e-01	1.604446546784428e-01	3.605143765909382e-01
279000	-9.504467278008722e+03	4.397688412489628e-01	2.882175086063755e-01	1.728805695175397e-01	1.709410426256575e-01	3.679608792504274e-01
280000	-9.480799527552444e+03	4.206962290689673e-01	3.018551610619821e-01	1.660170815365500e-01	1.553655911469556e-01	3.767621662545123e-01
281000	-9.507856618492706e+03	4.551504048577504e-01	2.892655364116831e-01	1.711123524956652e-01	1.668834384902536e-01	3.727386726023980e-01
282000	-9.472039509089829e+03	3.999360581395833e-01	2.911142801111495e-01	1.723387022562989e-01	1.677362982014145e-01	3.688107194311369e-01
283000	-9.483849853834547e+03	4.034007639530079e-01	2.948188055683512e-01	1.698189966944872e-01	1.630329638883845e-01	3.723292338487770e-01
284000	-9.484120540525393e+03	4.212376849044386e-01	3.014572831439450e-01	1.744222329656641e-01	1.631249062736233e-01	3.609955776167676e-01
285000	-9.490059048358155e+03	4.411640567915903e-01	3.004203352859493e-01	1.744222329656641e-01	1.641618541316190e-01	3.609955776167676e-01
