[ID: 7338289993]
Gen	LnL	TL	pi(A)	pi(C)	pi(G)	pi(T)
0	-4.250776080332215e+04	2.829999999999984e+00	2.500000000000000e-01	2.500000000000000e-01	2.500000000000000e-01	2.500000000000000e-01
1000	-3.232323571588165e+04	1.274681141304232e+00	2.455186035313546e-01	2.287987375943420e-01	2.206378091012752e-01	3.050448497730283e-01
2000	-2.649820500841996e+04	9.971830562050984e-01	2.575139472661555e-01	2.049859474439751e-01	1.806494583189612e-01	3.568506469709081e-01
3000	-2.399662839263240e+04	9.236610207614927e-01	2.609075953690699e-01	2.098026758945325e-01	1.777344103989434e-01	3.515553183374542e-01
4000	-2.250759680961629e+04	8.829099908282174e-01	2.565862640423336e-01	2.082232376596467e-01	1.981186712366823e-01	3.370718270613374e-01
5000	-2.106972679162405e+04	8.703395357474480e-01	2.663282991876095e-01	1.964312157452304e-01	1.879959639630377e-01	3.492445211041225e-01
6000	-2.060813664933402e+04	8.569341493063219e-01	2.539026712836608e-01	1.999959051743382e-01	1.948336653533709e-01	3.512677581886301e-01
7000	-2.018678515601132e+04	8.959675822879427e-01	2.539026712836608e-01	2.040819013551503e-01	1.948336653533709e-01	3.471817620078180e-01
8000	-1.979070903556465e+04	8.587659149433979e-01	2.569978490059326e-01	2.003103860084682e-01	2.026730046517217e-01	3.400187603338774e-01
9000	-1.957338296873870e+04	9.025933878439006e-01	2.569978490059326e-01	1.959361361476802e-01	2.026730046517217e-01	3.443930101946654e-01
10000	-1.939614444954969e+04	8.647937252337718e-01	2.587885195093357e-01	1.959361361476802e-01	2.026730046517217e-01	3.426023396912624e-01
11000	-1.912389086616633e+04	8.940322108550049e-01	2.662529522183388e-01	1.998843080205466e-01	1.912926966482733e-01	3.425700431128411e-01
12000	-1.898153004495578e+04	8.968095155812992e-01	2.662529522183388e-01	1.998843080205466e-01	1.912926966482733e-01	3.425700431128411e-01
13000	-1.890105190108540e+04	8.592606062021042e-01	2.642092763358461e-01	1.978915885506938e-01	1.842595745726543e-01	3.536395605408058e-01
14000	-1.887766124405948e+04	8.289374495331162e-01	2.588907806993382e-01	2.068559623135416e-01	1.937784597569477e-01	3.404747972301725e-01
15000	-1.877519617114158e+04	8.411683192212934e-01	2.569142489257549e-01	2.069119861732953e-01	1.974899104237599e-01	3.386838544771900e-01
16000	-1.874872682074861e+04	8.484265475247370e-01	2.569142489257549e-01	2.069119861732953e-01	1.974899104237599e-01	3.386838544771900e-01
17000	-1.869420313716639e+04	8.080975807538252e-01	2.577534347196262e-01	1.955528224212753e-01	1.954258076715214e-01	3.512679351875773e-01
18000	-1.863627253701050e+04	8.350549117715403e-01	2.528606615299578e-01	1.993502586681360e-01	1.989302250325514e-01	3.488588547693547e-01
19000	-1.853264843431457e+04	8.328742492512191e-01	2.548324597815426e-01	2.018663871409174e-01	1.966353698798535e-01	3.466657831976866e-01
20000	-1.852574681219851e+04	8.146744949915434e-01	2.548324597815426e-01	2.018663871409174e-01	1.966353698798535e-01	3.466657831976866e-01
21000	-1.845631015147014e+04	7.758255895218266e-01	2.548324597815426e-01	2.018663871409174e-01	1.966353698798535e-01	3.466657831976866e-01
22000	-1.845005275195385e+04	7.804785077191524e-01	2.621615335686796e-01	1.942121560189866e-01	1.983427469059983e-01	3.452835635063354e-01
23000	-1.845331094887201e+04	7.799610138581689e-01	2.684555085598999e-01	1.945861606686796e-01	1.935538381384129e-01	3.434044926330078e-01
24000	-1.841306150719229e+04	7.627353748893353e-01	2.616461900482109e-01	2.048126034111380e-01	1.946396120005402e-01	3.389015945401109e-01
25000	-1.843135399888208e+04	7.828614010823056e-01	2.595589239985084e-01	2.043118401337483e-01	1.837377089620760e-01	3.523915269056674e-01
26000	-1.841098362556749e+04	7.897385033070838e-01	2.526703871421765e-01	1.979395424149779e-01	1.951048242951524e-01	3.542852461476932e-01
27000	-1.837699611987830e+04	7.784747837075400e-01	2.589858865539904e-01	1.989108871948158e-01	1.873413338363754e-01	3.547618924148185e-01
28000	-1.836120766451122e+04	8.010106165751697e-01	2.589858865539904e-01	1.989108871948158e-01	1.873413338363754e-01	3.547618924148185e-01
29000	-1.834736324204970e+04	7.706890479359291e-01	2.628201131706560e-01	2.018413290008057e-01	1.986258626135306e-01	3.367126952150077e-01
30000	-1.835431019240978e+04	7.968531796246786e-01	2.628201131706560e-01	2.018413290008057e-01	1.851616615725311e-01	3.501768962560072e-01
31000	-1.834267372104923e+04	8.183901345373988e-01	2.571032781081394e-01	2.035292778399227e-01	1.923991028010398e-01	3.469683412508981e-01
32000	-1.833049373839027e+04	7.856429366418375e-01	2.571032781081394e-01	2.000582492332522e-01	1.958701314077103e-01	3.469683412508981e-01
33000	-1.834296182624647e+04	8.073536460800175e-01	2.524392929966024e-01	2.000582492332522e-01	1.990084281927172e-01	3.484940295774283e-01
34000	-1.834057211134055e+04	7.816752178209249e-01	2.638725637353760e-01	1.965009919680198e-01	1.946453722828541e-01	3.449810720137502e-01
35000	-1.833637891706877e+04	7.619020908929065e-01	2.638725637353760e-01	1.965438967995372e-01	1.946024674513367e-01	3.449810720137502e-01
36000	-1.835081042323842e+04	7.320345907054309e-01	2.632711733376902e-01	1.965438967995372e-01	1.934703174618512e-01	3.467146124009216e-01
37000	-1.833251203831344e+04	7.511616011713872e-01	2.608244970054437e-01	1.989905731317836e-01	1.934703174618512e-01	3.467146124009216e-01
38000	-1.833016448642849e+04	7.756026648221270e-01	2.608244970054437e-01	1.989905731317836e-01	1.892936209911571e-01	3.508913088716157e-01
39000	-1.832458524310216e+04	7.684623349680837e-01	2.568174860092405e-01	2.003706014317405e-01	1.919206036874034e-01	3.508913088716157e-01
40000	-1.832623226084237e+04	7.561102981976476e-01	2.657603125656282e-01	1.872806587145037e-01	1.944439577353611e-01	3.525150709845071e-01
41000	-1.834557214873321e+04	7.708396145421478e-01	2.657603125656282e-01	1.872806587145037e-01	1.944439577353611e-01	3.525150709845071e-01
42000	-1.833679698328977e+04	7.875575640508402e-01	2.657603125656282e-01	1.872806587145037e-01	1.944439577353611e-01	3.525150709845071e-01
43000	-1.831395538012834e+04	7.792109531707929e-01	2.572324634821627e-01	1.947634538447988e-01	1.965090724959792e-01	3.514950101770593e-01
44000	-1.829334192446575e+04	7.370332811114636e-01	2.572324634821627e-01	1.947634538447988e-01	1.898332594714558e-01	3.581708232015827e-01
45000	-1.829758231960648e+04	7.737024055855506e-01	2.585955956874162e-01	2.035413375554189e-01	1.882833608217789e-01	3.495797059353860e-01
46000	-1.829054831037272e+04	7.681274838022932e-01	2.583825731065299e-01	2.035413375554189e-01	1.882833608217789e-01	3.497927285162723e-01
47000	-1.829368788419669e+04	7.659321793937856e-01	2.583825731065299e-01	2.033894074329026e-01	1.884352909442952e-01	3.497927285162723e-01
48000	-1.827293559734054e+04	7.441606705511210e-01	2.645009681342822e-01	2.078187889962664e-01	1.876249066158707e-01	3.400553362535808e-01
49000	-1.827249873099109e+04	7.692831427459212e-01	2.690043904773040e-01	1.968870049152786e-01	1.808190224584313e-01	3.532895821489861e-01
50000	-1.826288960988971e+04	7.888040487391995e-01	2.562782300547219e-01	2.054614312442271e-01	1.927950821756173e-01	3.454652565254338e-01
51000	-1.830727692436039e+04	8.267424978004803e-01	2.562782300547219e-01	2.054614312442271e-01	1.927950821756173e-01	3.454652565254338e-01
52000	-1.829420558498412e+04	7.626032613989768e-01	2.601720622951275e-01	1.976831066097132e-01	1.882659059602610e-01	3.538789251348983e-01
53000	-1.829549695855628e+04	7.499440243849085e-01	2.624631286640072e-01	1.996033814662724e-01	1.855954641159858e-01	3.523380257537346e-01
54000	-1.832153580880749e+04	7.826505498645538e-01	2.664962356652161e-01	2.037045939005728e-01	1.855954641159858e-01	3.442037063182253e-01
55000	-1.830398026525950e+04	7.294632939692415e-01	2.522125307099812e-01	1.948946944826006e-01	1.984435115571438e-01	3.544492632502744e-01
56000	-1.828146878818413e+04	7.356279629203761e-01	2.522125307099812e-01	1.897013213961525e-01	2.039332039282676e-01	3.541529439655987e-01
57000	-1.828737322896540e+04	7.839517258517572e-01	2.574336969195495e-01	2.044951672484613e-01	1.933328325161502e-01	3.447383033158389e-01
58000	-1.829175405518117e+04	7.743972898215017e-01	2.679400437142975e-01	2.048412070702164e-01	1.836700414022890e-01	3.435487078131970e-01
59000	-1.829032770124945e+04	7.554879745493361e-01	2.706173836589617e-01	1.894670093559400e-01	1.829324182344652e-01	3.569831887506331e-01
60000	-1.828587728704408e+04	7.820185823862598e-01	2.606016085903671e-01	1.978116168679180e-01	1.877277486191956e-01	3.538590259225194e-01
61000	-1.829054562368260e+04	7.506925305013187e-01	2.647045555130668e-01	1.978116168679180e-01	2.002617194385873e-01	3.372221081804280e-01
62000	-1.830685579254564e+04	7.969332508763124e-01	2.659425547451598e-01	1.888856344263593e-01	1.993665787632848e-01	3.458052320651961e-01
63000	-1.830523222467464e+04	7.739575319280173e-01	2.638479530839781e-01	2.004104461196556e-01	1.885520222267307e-01	3.471895785696355e-01
64000	-1.830726668010084e+04	7.775129493581364e-01	2.644720983147735e-01	2.004104461196556e-01	1.882809678723768e-01	3.468364876931939e-01
65000	-1.831216203686488e+04	7.999037455679694e-01	2.539252735803442e-01	1.981860684491275e-01	1.974365758404053e-01	3.504520821301231e-01
66000	-1.827953227386913e+04	7.750819281470934e-01	2.549598796687684e-01	1.981860684491275e-01	1.964019697519811e-01	3.504520821301231e-01
67000	-1.827002937313343e+04	7.419697037118839e-01	2.549598796687684e-01	2.007455097312340e-01	1.938425284698745e-01	3.504520821301231e-01
68000	-1.828335957105523e+04	7.948561229884816e-01	2.549598796687684e-01	2.008575132281434e-01	1.937305249729651e-01	3.504520821301231e-01
69000	-1.827378594473019e+04	7.958767656389178e-01	2.562160279969848e-01	2.072644857815313e-01	2.002992719035210e-01	3.362202143179629e-01
70000	-1.827060374140887e+04	7.878919537861238e-01	2.570253151718191e-01	2.087268781824248e-01	1.916390583219205e-01	3.426087483238356e-01
71000	-1.827235676266072e+04	7.784372011094921e-01	2.570253151718191e-01	2.087268781824248e-01	1.874956204950066e-01	3.467521861507495e-01
72000	-1.828302758262113e+04	8.230650424601753e-01	2.571692264750042e-01	2.087268781824248e-01	1.881852285801222e-01	3.459186667624489e-01
73000	-1.828936898390001e+04	7.847696044391018e-01	2.590091907223018e-01	1.959467581564824e-01	1.937426378892306e-01	3.513014132319854e-01
74000	-1.828891147516603e+04	7.960569254518314e-01	2.650073188689703e-01	1.981457745536020e-01	1.852351044443463e-01	3.516118021330814e-01
75000	-1.828779172049295e+04	8.079072164365554e-01	2.650073188689703e-01	1.981457745536020e-01	1.957540524078718e-01	3.410928541695559e-01
76000	-1.829607941891312e+04	7.791189298323447e-01	2.629515502577698e-01	2.060362160648844e-01	1.872142180986417e-01	3.437980155787041e-01
77000	-1.827509658266070e+04	7.448143175244438e-01	2.692617129986247e-01	1.994514958174813e-01	1.967382094623981e-01	3.345485817214961e-01
78000	-1.830412349887112e+04	7.871005323189465e-01	2.660541945034515e-01	1.937531542711873e-01	1.822654060091957e-01	3.579272452161655e-01
79000	-1.830004659633889e+04	7.884622825373061e-01	2.703109863140294e-01	1.951543324762676e-01	1.929868653260945e-01	3.415478158836084e-01
80000	-1.828426622585885e+04	7.517124747896244e-01	2.662479577747564e-01	1.951543324762676e-01	1.907360094036486e-01	3.478617003453274e-01
81000	-1.832125939474508e+04	7.791087771425298e-01	2.662479577747564e-01	1.995200568840386e-01	1.863702849958776e-01	3.478617003453274e-01
82000	-1.833010166496149e+04	7.936921434156047e-01	2.662479577747564e-01	1.995200568840386e-01	1.863702849958776e-01	3.478617003453274e-01
83000	-1.831190845010260e+04	7.840365946305169e-01	2.662479577747564e-01	1.910524947993935e-01	1.948378470805228e-01	3.478617003453274e-01
84000	-1.831215463438856e+04	7.789761313477376e-01	2.608315720299214e-01	1.930282773974360e-01	1.928620644824802e-01	3.532780860901624e-01
85000	-1.828652644863068e+04	7.361583429293819e-01	2.608315720299214e-01	1.930282773974360e-01	1.928620644824802e-01	3.532780860901624e-01
86000	-1.828282730385656e+04	7.553318832354471e-01	2.580275793831576e-01	1.930282773974360e-01	1.976350812518010e-01	3.513090619676055e-01
87000	-1.827587298954917e+04	7.443358367983428e-01	2.580275793831576e-01	2.054084352829031e-01	1.976350812518010e-01	3.389289040821383e-01
88000	-1.829709114511501e+04	7.666235596489315e-01	2.580275793831576e-01	2.054084352829031e-01	1.976350812518010e-01	3.389289040821383e-01
89000	-1.829352811669057e+04	7.496152369861124e-01	2.560114616308196e-01	2.012335865051717e-01	1.923866336159760e-01	3.503683182480326e-01
90000	-1.828970263938394e+04	7.434285189889762e-01	2.513797406863411e-01	1.970770412272630e-01	1.970183545604545e-01	3.545248635259413e-01
91000	-1.829104957557681e+04	7.590570699586019e-01	2.620082340611680e-01	2.009955302132187e-01	1.927027076784616e-01	3.442935280471516e-01
92000	-1.828385892412655e+04	7.332655967345060e-01	2.620082340611680e-01	1.996345648508867e-01	1.875531123774121e-01	3.508040887105330e-01
93000	-1.830076225918085e+04	7.791868617872059e-01	2.635485289887439e-01	1.964818800475824e-01	1.858743282820371e-01	3.540952626816367e-01
94000	-1.830534144764620e+04	7.602762960934764e-01	2.635485289887439e-01	1.964818800475824e-01	1.858743282820371e-01	3.540952626816367e-01
95000	-1.829677228126851e+04	7.488742725866933e-01	2.613769003476783e-01	1.964818800475824e-01	1.880459569231027e-01	3.540952626816367e-01
96000	-1.829116623681064e+04	7.699816665929912e-01	2.723585619106743e-01	1.907362771720046e-01	1.895300851870797e-01	3.473750757302415e-01
97000	-1.829729878434293e+04	7.509142376725946e-01	2.677561177176241e-01	1.897898355984423e-01	1.876340121523084e-01	3.548200345316251e-01
98000	-1.830712134728432e+04	7.982775752786713e-01	2.577910109662760e-01	1.973556400826718e-01	1.914193204806214e-01	3.534340284704308e-01
99000	-1.830197206157220e+04	7.189434372238369e-01	2.644620762715767e-01	1.988919080502642e-01	1.832119872077283e-01	3.534340284704308e-01
100000	-1.830499271029773e+04	7.685961060258085e-01	2.644620762715767e-01	1.988919080502642e-01	1.832119872077283e-01	3.534340284704308e-01
101000	-1.829257209489235e+04	7.633846516406779e-01	2.617129852192734e-01	1.939521204160232e-01	1.906441129803126e-01	3.536907813843908e-01
102000	-1.829157753063812e+04	7.519664989792892e-01	2.676518628617183e-01	1.895189755876631e-01	1.925275089487471e-01	3.503016526018715e-01
103000	-1.831371875822822e+04	7.934019562320958e-01	2.581818509708838e-01	1.974472192693102e-01	1.868731023861863e-01	3.574978273736198e-01
104000	-1.831199656073341e+04	7.960976816098563e-01	2.549238012961221e-01	2.047654752120384e-01	1.997627822997973e-01	3.405479411920423e-01
105000	-1.829483651443440e+04	7.780062827421207e-01	2.714810812732212e-01	1.991177470594981e-01	1.871184661072055e-01	3.422827055600752e-01
106000	-1.829380214180040e+04	7.607899111276594e-01	2.714810812732212e-01	1.991177470594981e-01	1.871184661072055e-01	3.422827055600752e-01
107000	-1.829024401701198e+04	7.752351062092986e-01	2.630915802587241e-01	1.903594663808067e-01	1.955079671217025e-01	3.510409862387667e-01
108000	-1.829141645192628e+04	7.614205021218075e-01	2.630915802587241e-01	2.014947822001253e-01	1.843726513023839e-01	3.510409862387667e-01
109000	-1.830305605790497e+04	7.688528439272023e-01	2.584504375935647e-01	1.979325041646680e-01	1.906941780816647e-01	3.529228801601026e-01
110000	-1.829632581457236e+04	7.582516646028303e-01	2.615496861129758e-01	1.979325041646680e-01	1.875949295622536e-01	3.529228801601026e-01
111000	-1.830577045320641e+04	7.673470271841822e-01	2.637009797730877e-01	1.975145745956995e-01	1.907959632725787e-01	3.479884823586340e-01
112000	-1.830645144791793e+04	7.976498452748153e-01	2.672434182254778e-01	1.947571177106919e-01	1.944665513918954e-01	3.435329126719349e-01
113000	-1.829845273392272e+04	7.697949861328687e-01	2.658361753605009e-01	2.035511765590285e-01	1.902289396347366e-01	3.403837084457340e-01
114000	-1.829333887347405e+04	7.801224515510152e-01	2.671821394733490e-01	1.948101623582886e-01	1.966756901103561e-01	3.413320080580063e-01
115000	-1.828968606590518e+04	7.663889683532736e-01	2.654131134320112e-01	1.895384616406305e-01	1.953911569740501e-01	3.496572679533081e-01
116000	-1.828513828209072e+04	7.767121731203237e-01	2.578991782678649e-01	2.061274920001168e-01	1.890367142724760e-01	3.469366154595422e-01
117000	-1.827748723711656e+04	7.585968215572533e-01	2.629819489105758e-01	2.035748273265875e-01	1.924085645569360e-01	3.410346592059004e-01
118000	-1.829653867508859e+04	7.738198377165970e-01	2.602017716530253e-01	1.907926180419394e-01	2.048569507620309e-01	3.441486595430045e-01
119000	-1.830606429671317e+04	7.870530551477186e-01	2.577914422399090e-01	1.935328437770666e-01	1.903230444961758e-01	3.583526694868485e-01
120000	-1.831362915511057e+04	7.786031579372181e-01	2.567609283456511e-01	1.900023983484212e-01	1.955917305011677e-01	3.576449428047599e-01
121000	-1.830274952237545e+04	7.408808907948274e-01	2.567609283456511e-01	1.900023983484212e-01	1.955917305011677e-01	3.576449428047599e-01
122000	-1.830613379976229e+04	7.619194830877930e-01	2.539849749247949e-01	2.028058082777528e-01	1.961011252031149e-01	3.471080915943374e-01
123000	-1.830389230623969e+04	7.685163688447848e-01	2.539849749247949e-01	2.028058082777528e-01	1.961011252031149e-01	3.471080915943374e-01
124000	-1.830032384116821e+04	7.570015392621643e-01	2.566158218272242e-01	2.028058082777528e-01	1.934702783006856e-01	3.471080915943374e-01
125000	-1.830065713552305e+04	7.917019884272148e-01	2.566158218272242e-01	1.979603383616995e-01	1.983157482167389e-01	3.471080915943374e-01
126000	-1.829994882618097e+04	7.902516965214552e-01	2.627545156776294e-01	1.983845514276939e-01	1.981807476204797e-01	3.406801852741970e-01
127000	-1.830006326172078e+04	7.910240585804960e-01	2.637038819918021e-01	1.914920761810637e-01	1.955513013510492e-01	3.492527404760849e-01
128000	-1.830445753831083e+04	7.897957387230841e-01	2.582034933268155e-01	1.953674013824226e-01	1.976012734206028e-01	3.488278318701591e-01
129000	-1.829860950656492e+04	7.958853343259450e-01	2.611786002104030e-01	1.948700278082443e-01	1.921298863331600e-01	3.518214856481928e-01
130000	-1.829450496723006e+04	7.823082013500303e-01	2.618825930950525e-01	1.941660349235948e-01	1.921298863331600e-01	3.518214856481928e-01
131000	-1.829665145740855e+04	7.957274658691484e-01	2.576747037958155e-01	1.983739242228317e-01	1.921298863331600e-01	3.518214856481928e-01
132000	-1.830317136254460e+04	7.997074735936784e-01	2.658169548553082e-01	1.981106923933662e-01	1.933061012221388e-01	3.427662515291868e-01
133000	-1.828914527462873e+04	7.943699337315164e-01	2.653911549312070e-01	1.969689371839474e-01	1.896912531320966e-01	3.479486547527487e-01
134000	-1.829773204707661e+04	7.685064315131195e-01	2.653911549312070e-01	1.921878110089965e-01	1.944723793070475e-01	3.479486547527487e-01
135000	-1.830445931764825e+04	7.793957207210146e-01	2.653911549312070e-01	1.921878110089965e-01	1.944723793070475e-01	3.479486547527487e-01
136000	-1.830704758355698e+04	8.160815544672896e-01	2.642672651827738e-01	1.957488619280249e-01	1.944723793070475e-01	3.455114935821536e-01
137000	-1.831388732104883e+04	8.104307017671810e-01	2.688449114075905e-01	1.963186721090872e-01	1.898947330822308e-01	3.449416834010913e-01
138000	-1.828400070884314e+04	7.843455219777596e-01	2.679364057837374e-01	1.963186721090872e-01	1.898947330822308e-01	3.458501890249444e-01
139000	-1.827624056548380e+04	7.574386087063328e-01	2.623883415179216e-01	1.916530603291813e-01	1.954427973480467e-01	3.505158008048503e-01
140000	-1.828180481317638e+04	7.824778997074430e-01	2.630063558456990e-01	1.939816175494754e-01	1.931142401277526e-01	3.498977864770729e-01
141000	-1.828482037905110e+04	7.766935103565763e-01	2.590732836014864e-01	2.034218952296050e-01	1.992601423493769e-01	3.382446788195315e-01
142000	-1.825893431692739e+04	7.597071318137142e-01	2.590732836014864e-01	2.003567536091942e-01	2.023252839697878e-01	3.382446788195315e-01
143000	-1.828157476055327e+04	7.890896390468548e-01	2.617876754312110e-01	1.954740905093094e-01	1.942127531786506e-01	3.485254808808291e-01
144000	-1.829027663505954e+04	7.756648884872104e-01	2.617876754312110e-01	1.954740905093094e-01	1.942127531786506e-01	3.485254808808291e-01
145000	-1.829055788378528e+04	7.512581975026222e-01	2.557846472259057e-01	1.999659341417358e-01	1.873589311933181e-01	3.568904874390404e-01
146000	-1.827480763431880e+04	7.309246041032067e-01	2.557846472259057e-01	1.999659341417358e-01	1.873589311933181e-01	3.568904874390404e-01
147000	-1.827931230379144e+04	7.654173784417931e-01	2.532043251253208e-01	1.999659341417358e-01	1.873589311933181e-01	3.594708095396253e-01
148000	-1.827919759286165e+04	7.504884299978567e-01	2.457422760978267e-01	1.989095198199732e-01	1.994381664154295e-01	3.559100376667705e-01
149000	-1.827478887618105e+04	7.699600061771777e-01	2.590868854914291e-01	1.980159454779736e-01	1.973797894805421e-01	3.455173795500551e-01
150000	-1.828973877473900e+04	7.820630666145644e-01	2.619750536056877e-01	1.980159454779736e-01	1.944916213662834e-01	3.455173795500551e-01
151000	-1.829535749442161e+04	7.481618263394766e-01	2.616268731861406e-01	1.920422891277883e-01	1.905056294220863e-01	3.558252082639846e-01
152000	-1.831741786109598e+04	7.638038301281594e-01	2.616268731861406e-01	2.082016641784661e-01	1.856331893856263e-01	3.445382732497669e-01
153000	-1.830229927535182e+04	7.572868345125546e-01	2.616268731861406e-01	2.082016641784661e-01	1.856331893856263e-01	3.445382732497669e-01
154000	-1.831275771990006e+04	8.074567347606637e-01	2.613114259907985e-01	2.021162488227046e-01	1.855935081663277e-01	3.509788170201693e-01
155000	-1.829014493164804e+04	7.670473130388302e-01	2.613114259907985e-01	2.021162488227046e-01	1.855935081663277e-01	3.509788170201693e-01
156000	-1.831091562518269e+04	7.890253910701652e-01	2.658823629731384e-01	1.935955245594574e-01	1.941142324295749e-01	3.464078800378294e-01
157000	-1.832144144853238e+04	7.788495313948054e-01	2.658823629731384e-01	1.935955245594574e-01	1.941142324295749e-01	3.464078800378294e-01
158000	-1.830496309346201e+04	7.908819534223610e-01	2.622521075212330e-01	1.970473699715035e-01	1.951486427540066e-01	3.455518797532568e-01
159000	-1.829680013790849e+04	7.496587391109063e-01	2.619600098796867e-01	2.051276044323739e-01	1.965895007032833e-01	3.363228849846561e-01
160000	-1.831284116567617e+04	7.631555927059996e-01	2.674219106579973e-01	1.996657036540633e-01	1.965895007032833e-01	3.363228849846561e-01
161000	-1.829882497631068e+04	7.573841281255452e-01	2.596937329117747e-01	1.997806966559680e-01	1.920120795393631e-01	3.485134908928942e-01
162000	-1.831345293368370e+04	7.966516502040811e-01	2.596937329117747e-01	1.997806966559680e-01	1.977280541710243e-01	3.427975162612331e-01
163000	-1.831349889892219e+04	7.707138999475257e-01	2.553361455915085e-01	2.063091164924970e-01	1.955572216547616e-01	3.427975162612331e-01
164000	-1.832712410095855e+04	8.107794584004354e-01	2.608776968190178e-01	1.953935888129845e-01	1.997182043538244e-01	3.440105100141735e-01
165000	-1.830570150540830e+04	7.917876167705857e-01	2.608362338789567e-01	2.055598413640000e-01	1.875634116683153e-01	3.460405130887279e-01
166000	-1.831437979636493e+04	7.789935221609742e-01	2.641936642521591e-01	2.055598413640000e-01	1.869356895565994e-01	3.433108048272414e-01
167000	-1.830422910465542e+04	7.492029771777315e-01	2.637835387117579e-01	2.055598413640000e-01	1.869356895565994e-01	3.437209303676426e-01
168000	-1.831533907429870e+04	7.875356677952797e-01	2.650329740513017e-01	2.028944249864537e-01	1.942218765264595e-01	3.378507244357850e-01
169000	-1.830523242949334e+04	7.646109149166849e-01	2.692572207695501e-01	2.006664178216519e-01	1.903714250883578e-01	3.397049363204402e-01
170000	-1.831304679535349e+04	7.470043400146442e-01	2.723284994083748e-01	1.975951391828272e-01	1.896528857770968e-01	3.404234756317012e-01
171000	-1.830917015508591e+04	7.648974650492406e-01	2.573586752172281e-01	1.997193396815592e-01	1.869045213774788e-01	3.560174637237340e-01
172000	-1.831740724135404e+04	7.968435572846475e-01	2.519118766499796e-01	2.037415383416338e-01	1.945544036983900e-01	3.497921813099966e-01
173000	-1.832150171588300e+04	7.467749904085942e-01	2.704484843414415e-01	1.977904419548684e-01	1.846412328578739e-01	3.471198408458162e-01
174000	-1.832472742516240e+04	8.217896922159272e-01	2.609729483873935e-01	1.907373391911067e-01	2.031652630751810e-01	3.451244493463188e-01
175000	-1.830313423492862e+04	7.935393334690581e-01	2.725530514626879e-01	1.982167101281556e-01	1.873216035124936e-01	3.419086348966628e-01
176000	-1.829887900119690e+04	7.992052365301360e-01	2.725530514626879e-01	1.982167101281556e-01	1.873216035124936e-01	3.419086348966628e-01
177000	-1.829655655262077e+04	8.063649341362370e-01	2.625903444579006e-01	1.988184046657645e-01	1.904267791084912e-01	3.481644717678438e-01
178000	-1.827145444370908e+04	7.819659123005137e-01	2.590583773256686e-01	1.970788021603402e-01	1.956983487461476e-01	3.481644717678438e-01
179000	-1.827333006421230e+04	7.909821568312119e-01	2.662296437055491e-01	1.921383819860517e-01	1.943130559755572e-01	3.473189183328421e-01
180000	-1.829503606707737e+04	7.757966551813708e-01	2.652441148831847e-01	1.923981710929938e-01	1.967795171438283e-01	3.455781968799934e-01
181000	-1.828289661678143e+04	7.815472093796851e-01	2.646602966193494e-01	2.082847811459382e-01	1.883213118351207e-01	3.387336103995917e-01
182000	-1.828028555951112e+04	7.703165437830639e-01	2.562378272547626e-01	2.049773337231875e-01	1.929068926633295e-01	3.458779463587203e-01
183000	-1.829545208985514e+04	8.126716367150081e-01	2.562388878584904e-01	2.075472093272688e-01	1.929068926633295e-01	3.433070101509111e-01
184000	-1.828872444902231e+04	7.819915591559907e-01	2.564508523318865e-01	1.979191444107827e-01	2.025637500488940e-01	3.430662532084368e-01
185000	-1.830368000560089e+04	8.171171940926905e-01	2.672943372859727e-01	1.881923822808581e-01	1.875400137120108e-01	3.569732667211584e-01
186000	-1.830424775664276e+04	8.058496712452461e-01	2.655340128607366e-01	1.972121718505204e-01	1.968864109441751e-01	3.403674043445680e-01
187000	-1.830295438109347e+04	7.731192291461664e-01	2.655521002511418e-01	1.948086879866324e-01	1.992898948080630e-01	3.403493169541627e-01
188000	-1.831374982305616e+04	7.868857204061865e-01	2.596677407748658e-01	2.020394142997193e-01	1.943225320885897e-01	3.439703128368251e-01
189000	-1.829961291035756e+04	7.669153902106256e-01	2.666339034625619e-01	2.084694314415899e-01	1.914455903106435e-01	3.334510747852047e-01
190000	-1.827835478627612e+04	7.942111473826697e-01	2.522976906413092e-01	2.024698871515004e-01	1.910949354206358e-01	3.541374867865545e-01
191000	-1.827690227245308e+04	7.497749760119231e-01	2.565034635117531e-01	2.027236337615564e-01	1.880323297852888e-01	3.527405729414017e-01
192000	-1.827359435035307e+04	7.250604934940968e-01	2.565034635117531e-01	1.958004310369692e-01	1.949555325098760e-01	3.527405729414017e-01
193000	-1.825496340352869e+04	7.485008090159364e-01	2.520305277649279e-01	2.024194136015120e-01	1.963660462388865e-01	3.491840123946735e-01
194000	-1.828381097212026e+04	7.879535097827024e-01	2.643935563246688e-01	2.031549358278649e-01	1.908029434767213e-01	3.416485643707450e-01
195000	-1.828147279108854e+04	7.607289841847925e-01	2.643935563246688e-01	2.031549358278649e-01	1.908029434767213e-01	3.416485643707450e-01
196000	-1.830171318347024e+04	8.160921289856484e-01	2.643935563246688e-01	2.008245888040129e-01	1.931332905005733e-01	3.416485643707450e-01
197000	-1.828500513041806e+04	7.635039685508606e-01	2.668745237241962e-01	2.008245888040129e-01	1.933990426327834e-01	3.389018448390074e-01
198000	-1.828749628956494e+04	7.917089851786647e-01	2.647520008907797e-01	1.939326547152992e-01	1.933990426327834e-01	3.479163017611376e-01
199000	-1.828567373760988e+04	7.894346765434682e-01	2.632873067711508e-01	1.939326547152992e-01	1.933990426327834e-01	3.493809958807665e-01
200000	-1.826796796532126e+04	7.650890997096460e-01	2.606713916009000e-01	1.939326547152992e-01	1.923470844129219e-01	3.530488692708789e-01
201000	-1.830721198980714e+04	8.243292362455992e-01	2.614414335205657e-01	2.029959992150051e-01	1.933478915585047e-01	3.422146757059243e-01
202000	-1.830578712500765e+04	8.077569237843576e-01	2.642358554864682e-01	1.921137095210228e-01	1.933478915585047e-01	3.503025434340042e-01
203000	-1.827768715048163e+04	7.498814698882881e-01	2.642358554864682e-01	1.921137095210228e-01	1.888020070485785e-01	3.548484279439303e-01
204000	-1.827358279936396e+04	7.452293214882443e-01	2.527125564665565e-01	2.016554195774874e-01	1.879439391805152e-01	3.576880847754409e-01
205000	-1.827578392421610e+04	7.793327285269498e-01	2.656955905340609e-01	1.936573412200235e-01	1.879439391805152e-01	3.527031290654004e-01
206000	-1.828561475728466e+04	7.900221758722912e-01	2.649566422980718e-01	1.955899622845506e-01	1.983180188832299e-01	3.411353765341478e-01
207000	-1.830443701164284e+04	8.148483775841385e-01	2.649566422980718e-01	1.854588154380922e-01	1.983180188832299e-01	3.512665233806063e-01
208000	-1.829617154989054e+04	7.904386898284849e-01	2.581947403351876e-01	2.014334189045273e-01	1.977022409739402e-01	3.426695997863450e-01
209000	-1.828950199094330e+04	7.797359032808134e-01	2.581947403351876e-01	2.014334189045273e-01	1.858312355678132e-01	3.545406051924720e-01
210000	-1.831924729896996e+04	8.083225539652275e-01	2.581947403351876e-01	1.984808809733296e-01	1.887837734990109e-01	3.545406051924720e-01
211000	-1.829249640585319e+04	7.696566562435537e-01	2.672366380751174e-01	1.933213047589778e-01	1.887837734990109e-01	3.506582836668939e-01
212000	-1.828689939887116e+04	7.399625931722978e-01	2.672366380751174e-01	1.909688981346814e-01	1.911361801233073e-01	3.506582836668939e-01
213000	-1.828630349691775e+04	7.441812735422283e-01	2.604418976056231e-01	1.956539968611146e-01	1.932458218663684e-01	3.506582836668939e-01
214000	-1.831267224703414e+04	7.821944645223140e-01	2.654805623182034e-01	2.045431073265230e-01	1.899802272607221e-01	3.399961030945516e-01
215000	-1.829588467657636e+04	7.665820827212024e-01	2.563926161454333e-01	1.968515485375285e-01	1.968308745887468e-01	3.499249607282914e-01
216000	-1.824851038436589e+04	7.495254795976305e-01	2.626764378033312e-01	1.968515485375285e-01	1.905470529308489e-01	3.499249607282914e-01
217000	-1.825452489260247e+04	7.133167805404790e-01	2.535555992970870e-01	1.946933826763726e-01	2.015963022632006e-01	3.501547157633398e-01
218000	-1.824268154147254e+04	7.387790407598563e-01	2.623451110546995e-01	1.943991346008789e-01	1.885063352351409e-01	3.547494191092807e-01
219000	-1.823953826448384e+04	7.569921788492092e-01	2.603654252742792e-01	1.943991346008789e-01	1.904860210155611e-01	3.547494191092807e-01
220000	-1.823624735097031e+04	7.246106593674443e-01	2.721781135843378e-01	1.923446133403872e-01	1.925405422760529e-01	3.429367307992221e-01
221000	-1.824592680848929e+04	7.404376638910076e-01	2.620924539555626e-01	1.923446133403872e-01	2.026262019048281e-01	3.429367307992221e-01
222000	-1.823587900463621e+04	7.491381928924874e-01	2.685364845139965e-01	1.989198119422218e-01	1.926785106455834e-01	3.398651928981982e-01
223000	-1.820576377070463e+04	7.066908366015443e-01	2.656467165050971e-01	1.989198119422218e-01	1.926785106455834e-01	3.427549609070976e-01
224000	-1.823223265494996e+04	7.433044796476735e-01	2.653589825380658e-01	1.980040538227812e-01	1.936750778612471e-01	3.429618857779059e-01
225000	-1.825205567013671e+04	7.562364417088799e-01	2.624670738435677e-01	2.001399257453789e-01	1.969481763826575e-01	3.404448240283959e-01
226000	-1.826727265868473e+04	7.417295713459386e-01	2.688294398901042e-01	1.937775596988425e-01	1.910822270573811e-01	3.463107733536723e-01
227000	-1.823656588142429e+04	7.383745395190052e-01	2.695606811106908e-01	1.930463184782559e-01	1.910822270573811e-01	3.463107733536723e-01
228000	-1.824062197038471e+04	7.416574583583759e-01	2.695606811106908e-01	1.980778925867534e-01	1.860506529488837e-01	3.463107733536723e-01
229000	-1.822011285269787e+04	7.340565880923683e-01	2.598146838830003e-01	1.938915634812582e-01	1.916182900515553e-01	3.546754625841863e-01
230000	-1.821145476826293e+04	7.138118532255874e-01	2.572336216753589e-01	2.068756128253026e-01	1.916182900515553e-01	3.442724754477833e-01
231000	-1.823408870033935e+04	7.800665437160148e-01	2.572336216753589e-01	2.044126377992868e-01	1.940812650775711e-01	3.442724754477833e-01
232000	-1.825146601400387e+04	7.844881556978808e-01	2.612485378813487e-01	2.044126377992868e-01	1.900663488715814e-01	3.442724754477833e-01
233000	-1.824977569859868e+04	7.812108101743634e-01	2.612485378813487e-01	2.035124762064811e-01	1.900663488715814e-01	3.451726370405889e-01
234000	-1.823991170714518e+04	7.875473956033646e-01	2.692793925520676e-01	1.941328014129100e-01	1.914151689944337e-01	3.451726370405889e-01
235000	-1.824281829726083e+04	7.992887928442188e-01	2.571938514467351e-01	2.103628718670628e-01	1.877071416102597e-01	3.447361350759424e-01
236000	-1.824384158132396e+04	8.054490779702160e-01	2.571938514467351e-01	1.917930152105592e-01	1.922382412332326e-01	3.587748921094732e-01
237000	-1.825371964516200e+04	8.127203769114986e-01	2.529292446357463e-01	2.069517677020433e-01	1.904973300449944e-01	3.496216576172159e-01
238000	-1.824299105427320e+04	7.918027747366312e-01	2.631544085367945e-01	1.932438676591198e-01	1.964640479242530e-01	3.471376758798326e-01
239000	-1.822755623431718e+04	7.577775716935555e-01	2.571351702174334e-01	1.932438676591198e-01	1.964640479242530e-01	3.531569141991937e-01
240000	-1.822317629745985e+04	7.812753844267553e-01	2.617609742128220e-01	2.003854446558326e-01	1.942720381994804e-01	3.435815429318652e-01
241000	-1.822200275811439e+04	7.585527396851879e-01	2.602083558047653e-01	2.019380630638891e-01	1.942720381994804e-01	3.435815429318652e-01
242000	-1.823399008603956e+04	7.904714544675909e-01	2.602083558047653e-01	2.019380630638891e-01	1.881693947883032e-01	3.496841863430424e-01
243000	-1.824944103723275e+04	7.767206056870293e-01	2.581294084174653e-01	2.019380630638891e-01	1.902483421756032e-01	3.496841863430424e-01
244000	-1.823938950461906e+04	7.797712129342466e-01	2.571854662323528e-01	1.936566317548812e-01	1.985297734846111e-01	3.506281285281548e-01
245000	-1.824608631519188e+04	7.977848399895932e-01	2.668371865484052e-01	2.016313801273170e-01	1.913252778341098e-01	3.402061554901681e-01
246000	-1.821993155220606e+04	7.494416459845520e-01	2.596577456328970e-01	2.020828253863200e-01	1.913252778341098e-01	3.469341511466733e-01
247000	-1.823220887204627e+04	7.839069308342289e-01	2.619334995385127e-01	1.936061730755553e-01	1.889500030291354e-01	3.555103243567967e-01
248000	-1.822333112558907e+04	7.462183628642987e-01	2.619334995385127e-01	1.900958848219519e-01	1.966404216625024e-01	3.513301939770331e-01
249000	-1.823848724312305e+04	7.848760246575716e-01	2.614279166850014e-01	1.916779319915295e-01	1.971535334592372e-01	3.497406178642318e-01
250000	-1.825325700095601e+04	7.941659568603755e-01	2.670550346047489e-01	2.047514631591102e-01	1.869922887924367e-01	3.412012134437044e-01
251000	-1.824212377849929e+04	7.890553912881095e-01	2.670550346047489e-01	2.056693563860673e-01	1.860743955654796e-01	3.412012134437044e-01
252000	-1.823986752540449e+04	7.745594558155575e-01	2.749124159080780e-01	1.978119750827382e-01	1.860743955654796e-01	3.412012134437044e-01
253000	-1.824557373459891e+04	7.758197157786632e-01	2.578574503274250e-01	2.003906530589798e-01	1.945622202594274e-01	3.471896763541678e-01
254000	-1.823422350019402e+04	7.556258660154033e-01	2.547325266288775e-01	2.003906530589798e-01	1.993616534380017e-01	3.455151668741410e-01
255000	-1.826123631481529e+04	7.969943043215217e-01	2.547707134793893e-01	2.006721418611022e-01	1.981717239786146e-01	3.463854206808938e-01
256000	-1.827112358289450e+04	8.066005807834791e-01	2.473862922467061e-01	2.006721418611022e-01	1.981717239786146e-01	3.537698419135770e-01
257000	-1.823563199643622e+04	7.812103344328433e-01	2.605399158841551e-01	1.974405740761143e-01	1.883044478690527e-01	3.537150621706779e-01
258000	-1.824294246540986e+04	7.646223181366777e-01	2.611258528755082e-01	1.917147929190736e-01	1.934442920347403e-01	3.537150621706779e-01
259000	-1.824129632735575e+04	7.787414728901063e-01	2.611258528755082e-01	1.917147929190736e-01	1.990752815056299e-01	3.480840726997884e-01
260000	-1.824397142685778e+04	7.986085600604836e-01	2.623776441914024e-01	2.025731474411658e-01	1.928738063140448e-01	3.421754020533870e-01
261000	-1.823384106403211e+04	7.740531075028592e-01	2.623776441914024e-01	1.948048622952630e-01	1.881916353153251e-01	3.546258581980094e-01
262000	-1.823524101852425e+04	8.156293302038541e-01	2.696453022166133e-01	1.914260903525474e-01	1.912576632638667e-01	3.476709441669726e-01
263000	-1.825263422432188e+04	7.982259143680275e-01	2.570538003921939e-01	1.989759549480010e-01	1.963029638651839e-01	3.476672807946212e-01
264000	-1.822521941674106e+04	7.894742799742172e-01	2.623551103600463e-01	1.941128062313903e-01	1.963029638651839e-01	3.472291195433794e-01
265000	-1.825283529592649e+04	8.091856483217801e-01	2.679254628558695e-01	1.944689675626257e-01	1.946848203920885e-01	3.429207491894162e-01
266000	-1.823694592329477e+04	7.626317730132224e-01	2.679254628558695e-01	1.952860310125465e-01	1.977513513400865e-01	3.390371547914975e-01
267000	-1.824941759768604e+04	7.633595780936894e-01	2.616957918586819e-01	1.912318801694864e-01	1.905144291614279e-01	3.565578988104037e-01
268000	-1.825452509391073e+04	7.718442228470307e-01	2.742352173897600e-01	2.050967425427274e-01	1.768492954726583e-01	3.438187445948543e-01
269000	-1.824413146129488e+04	7.680970899486342e-01	2.454926621371754e-01	2.050967425427274e-01	1.913126431506050e-01	3.580979521694922e-01
270000	-1.823521205425634e+04	7.608270070782664e-01	2.684576447277467e-01	2.020234752508480e-01	1.830967891473162e-01	3.464220908740892e-01
271000	-1.821541646253925e+04	7.501590001453113e-01	2.559094167986346e-01	2.020234752508480e-01	1.956450170764283e-01	3.464220908740892e-01
272000	-1.823705256364642e+04	7.873620888815885e-01	2.626231449498100e-01	1.974350903348348e-01	2.018480270501263e-01	3.380937376652291e-01
273000	-1.821587059025536e+04	7.621020449698837e-01	2.614180259739076e-01	1.932616799945719e-01	1.948134648975045e-01	3.505068291340161e-01
274000	-1.820678266776674e+04	7.721067144882015e-01	2.614180259739076e-01	1.932616799945719e-01	1.948134648975045e-01	3.505068291340161e-01
275000	-1.820392850806212e+04	7.609235926725997e-01	2.640405485580305e-01	1.968673346150842e-01	1.922440504155305e-01	3.468480664113550e-01
276000	-1.821944461720487e+04	7.504125805131427e-01	2.578286237409914e-01	2.027828664131112e-01	1.931102337541031e-01	3.462782760917943e-01
277000	-1.824959402474638e+04	8.139178382649198e-01	2.587587967732908e-01	1.965131756238383e-01	1.864255931290641e-01	3.583024344738067e-01
278000	-1.823790568723714e+04	7.836638761430825e-01	2.587587967732908e-01	2.035126902814186e-01	1.864255931290641e-01	3.513029198162264e-01
279000	-1.824224055964146e+04	7.554211977544886e-01	2.641251414811234e-01	1.977706708041700e-01	2.024180157638846e-01	3.356861719508220e-01
280000	-1.823526133852687e+04	7.436804473705194e-01	2.662045442731582e-01	1.951735991405309e-01	1.965012987830360e-01	3.421205578032749e-01
281000	-1.822962215603033e+04	7.547272556650998e-01	2.575145214883072e-01	1.943484697923558e-01	1.968966589484635e-01	3.512403497708736e-01
282000	-1.822030127662171e+04	7.467979702243266e-01	2.575145214883072e-01	1.962334133525410e-01	1.950117153882782e-01	3.512403497708736e-01
283000	-1.821984926457495e+04	7.503491750746916e-01	2.571488836441484e-01	1.916389549522095e-01	2.007630491940503e-01	3.504491122095918e-01
284000	-1.824552112688664e+04	7.788654610758722e-01	2.571488836441484e-01	1.916389549522095e-01	1.988870202181403e-01	3.523251411855019e-01
285000	-1.823474863707414e+04	7.292511142030880e-01	2.599519658374929e-01	1.957907280468658e-01	1.986129642234146e-01	3.456443418922268e-01
