[ID: 7338289993]
Gen	LnL	TL	pi(A)	pi(C)	pi(G)	pi(T)
0	-4.292609496130866e+04	2.829999999999984e+00	2.500000000000000e-01	2.500000000000000e-01	2.500000000000000e-01	2.500000000000000e-01
1000	-3.235608153899654e+04	1.240145332990901e+00	2.633810596710551e-01	2.042608884326664e-01	1.706188065799963e-01	3.617392453162822e-01
2000	-2.780685490507389e+04	1.101351804113327e+00	2.511601753248418e-01	2.084535227136823e-01	1.917770158160848e-01	3.486092861453913e-01
3000	-2.580489012884406e+04	1.086119359457700e+00	2.511601753248418e-01	2.084535227136823e-01	1.988626093520353e-01	3.415236926094408e-01
4000	-2.294376382810123e+04	9.433909249869574e-01	2.511601753248418e-01	2.147283726923582e-01	1.988626093520353e-01	3.352488426307649e-01
5000	-2.166575419382398e+04	8.920729584780798e-01	2.617320776115654e-01	1.920788939682840e-01	1.882907070653117e-01	3.578983213548390e-01
6000	-2.077014954677988e+04	8.536677364188915e-01	2.617320776115654e-01	1.920788939682840e-01	1.966351391153592e-01	3.495538893047916e-01
7000	-2.008675583784022e+04	8.628339598101190e-01	2.670415881146579e-01	1.954432437836192e-01	1.901596777333267e-01	3.473554903683961e-01
8000	-1.977679626399237e+04	8.689035511399095e-01	2.670415881146579e-01	1.954432437836192e-01	1.888857696241762e-01	3.486293984775466e-01
9000	-1.949258933372584e+04	8.473157093859016e-01	2.614825178591850e-01	1.952810030528433e-01	1.960923291435956e-01	3.471441499443759e-01
10000	-1.927481139818127e+04	7.481699016303940e-01	2.667217378120812e-01	1.952810030528433e-01	1.960923291435956e-01	3.419049299914798e-01
11000	-1.915748851690905e+04	7.586398473264805e-01	2.667217378120812e-01	2.031247656488208e-01	1.952926727185112e-01	3.348608238205867e-01
12000	-1.903262800825266e+04	7.723259384771669e-01	2.667217378120812e-01	2.031247656488208e-01	1.952926727185112e-01	3.348608238205867e-01
13000	-1.896931233167120e+04	7.671977524749954e-01	2.626435625637725e-01	2.085179778627923e-01	1.871382929212388e-01	3.417001666521962e-01
14000	-1.890873783574161e+04	8.513359683760184e-01	2.545631103894938e-01	1.967360482877259e-01	1.993838484936580e-01	3.493169928291223e-01
15000	-1.879553708455445e+04	8.289273441717756e-01	2.608999006209154e-01	2.035173055437889e-01	1.842578112602467e-01	3.513249825750488e-01
16000	-1.864629930618150e+04	7.963830740988603e-01	2.628963611966201e-01	1.962294994846635e-01	1.955578886730435e-01	3.453162506456728e-01
17000	-1.860833984580780e+04	7.968380616841534e-01	2.628963611966201e-01	2.018966917689595e-01	1.955578886730435e-01	3.396490583613769e-01
18000	-1.860498573590966e+04	8.490928368106962e-01	2.614623964862428e-01	2.033306564793368e-01	1.955578886730435e-01	3.396490583613769e-01
19000	-1.860561966909670e+04	8.580134204719171e-01	2.691604243503654e-01	1.962560518180793e-01	1.846419174592969e-01	3.499416063722586e-01
20000	-1.859750633038406e+04	8.677893625468065e-01	2.691604243503654e-01	2.022155378055951e-01	1.928351667049177e-01	3.357888711391219e-01
21000	-1.852885262310657e+04	8.024432808513100e-01	2.670343704382984e-01	1.946070439655198e-01	1.923834953098561e-01	3.459750902863258e-01
22000	-1.848672052156948e+04	7.985688809521458e-01	2.670343704382984e-01	1.946070439655198e-01	1.923834953098561e-01	3.459750902863258e-01
23000	-1.848356179531018e+04	7.968442558427581e-01	2.535183130383123e-01	2.109397340101205e-01	1.944266967969178e-01	3.411152561546495e-01
24000	-1.848677353956129e+04	8.020202740696819e-01	2.566925945777837e-01	2.032116759872913e-01	1.944266967969178e-01	3.456690326380074e-01
25000	-1.847237170687892e+04	7.961071429936510e-01	2.645677287066213e-01	1.974098165788534e-01	1.923534220765181e-01	3.456690326380074e-01
26000	-1.846051483780612e+04	7.658874064979567e-01	2.687983010604557e-01	1.980435261278879e-01	1.898274473643125e-01	3.433307254473440e-01
27000	-1.848558828186514e+04	8.458285518096954e-01	2.700570771494525e-01	1.910857955511543e-01	1.955264018520493e-01	3.433307254473440e-01
28000	-1.848767517194386e+04	8.123717841577931e-01	2.663795831663134e-01	2.035452495125289e-01	1.894756320553367e-01	3.405995352658211e-01
29000	-1.843586417786524e+04	8.223708317425742e-01	2.724843414278670e-01	1.949649674961205e-01	1.940885914114828e-01	3.384620996645297e-01
30000	-1.843435171811663e+04	8.226543843877960e-01	2.592163782855046e-01	2.008139566018089e-01	1.914991445228902e-01	3.484705205897964e-01
31000	-1.839473258633960e+04	7.963506083327231e-01	2.583760190484805e-01	1.992615685840599e-01	1.926125438212877e-01	3.497498685461718e-01
32000	-1.841705039296187e+04	8.229589192698346e-01	2.565850553759078e-01	1.947972933815205e-01	1.900151489252280e-01	3.586025023173437e-01
33000	-1.837380645532192e+04	8.029120447397342e-01	2.565850553759078e-01	1.947972933815205e-01	1.900151489252280e-01	3.586025023173437e-01
34000	-1.837290000359551e+04	8.112607870539652e-01	2.671596775555991e-01	1.996386932731337e-01	1.851260382238712e-01	3.480755909473959e-01
35000	-1.837128699229985e+04	8.416607824136393e-01	2.671596775555991e-01	1.997704451871075e-01	1.849942863098974e-01	3.480755909473959e-01
36000	-1.839957833939228e+04	8.447061237629629e-01	2.568887639117332e-01	2.030589424379512e-01	2.019182476208668e-01	3.381340460294488e-01
37000	-1.837968420025891e+04	8.270305891784981e-01	2.568887639117332e-01	2.030589424379512e-01	2.019182476208668e-01	3.381340460294488e-01
38000	-1.837922220093527e+04	7.931709136004972e-01	2.706285487760012e-01	1.959637425990804e-01	1.976742000622194e-01	3.357335085626990e-01
39000	-1.837885788449849e+04	8.001982978061999e-01	2.706285487760012e-01	1.999405721554627e-01	1.913508912119913e-01	3.380799878565449e-01
40000	-1.836485195971904e+04	8.034878002112633e-01	2.529584300834390e-01	2.001827590677646e-01	1.913508912119913e-01	3.555079196368050e-01
41000	-1.833013255232857e+04	8.084647676336461e-01	2.676852963454354e-01	2.000878691163366e-01	1.924683567633069e-01	3.397584777749211e-01
42000	-1.833815601077380e+04	8.264076526839340e-01	2.568476656427088e-01	2.090322801205144e-01	1.807116330175059e-01	3.534084212192709e-01
43000	-1.829411016410265e+04	7.593547280344378e-01	2.682345787158518e-01	1.950977579099761e-01	1.831736554731640e-01	3.534940079010080e-01
44000	-1.827637974169245e+04	7.584517302715904e-01	2.686083240608466e-01	1.942865344539795e-01	1.923283956973412e-01	3.447767457878326e-01
45000	-1.828894028471179e+04	7.774383377963298e-01	2.696716145535486e-01	1.982847637738544e-01	1.923283956973412e-01	3.397152259752557e-01
46000	-1.828837530130806e+04	7.707965278236460e-01	2.639293147937964e-01	1.992631463129015e-01	1.913500131582941e-01	3.454575257350079e-01
47000	-1.827869568401154e+04	8.049522655332900e-01	2.635733545283442e-01	1.994581709513356e-01	1.909719750118538e-01	3.459964995084665e-01
48000	-1.826620884716689e+04	7.761462465362291e-01	2.629711846519702e-01	1.989942915442046e-01	1.909719750118538e-01	3.470625487919716e-01
49000	-1.826368550822634e+04	7.591772756615892e-01	2.678725924333532e-01	1.946994515858853e-01	1.946349076496716e-01	3.427930483310898e-01
50000	-1.827707199630174e+04	8.051802066609034e-01	2.658300355565783e-01	1.914813222049283e-01	2.024714201887891e-01	3.402172220497043e-01
51000	-1.829075593547906e+04	8.257117942721370e-01	2.755628133831825e-01	1.960798939304732e-01	1.936885040689199e-01	3.346687886174244e-01
52000	-1.825796325605159e+04	7.594050150704394e-01	2.755628133831825e-01	1.960798939304732e-01	1.936885040689199e-01	3.346687886174244e-01
53000	-1.825232726012193e+04	7.758105603897274e-01	2.552283048998805e-01	1.983897521958676e-01	1.913786458035255e-01	3.550032971007264e-01
54000	-1.825065310033930e+04	7.895707653511292e-01	2.594308364113182e-01	1.941872206844299e-01	1.913786458035255e-01	3.550032971007264e-01
55000	-1.825948798258767e+04	7.999613321387850e-01	2.648328478260192e-01	1.941872206844299e-01	1.906861229902356e-01	3.502938084993154e-01
56000	-1.826344975564579e+04	8.099931977141552e-01	2.617220404344722e-01	1.976900870661201e-01	1.906861229902356e-01	3.499017495091721e-01
57000	-1.825729298692207e+04	7.640594979897491e-01	2.617220404344722e-01	1.976900870661201e-01	1.906861229902356e-01	3.499017495091721e-01
58000	-1.827084331550658e+04	7.641707084804188e-01	2.630760315049195e-01	2.015274069079759e-01	1.951518468848765e-01	3.402447147022282e-01
59000	-1.826871660768367e+04	7.988204637389010e-01	2.630146610935173e-01	2.015274069079759e-01	1.910015539568743e-01	3.444563780416326e-01
60000	-1.826606442279241e+04	7.851508042164822e-01	2.585677185673895e-01	1.959308186652566e-01	1.949366266156617e-01	3.505648361516921e-01
61000	-1.827864343037836e+04	8.161591994070860e-01	2.597250745349843e-01	1.954378890050893e-01	1.924291933547439e-01	3.524078431051825e-01
62000	-1.825503893758119e+04	7.906528478117603e-01	2.597250745349843e-01	1.949316717197136e-01	1.921189952283963e-01	3.532242585169056e-01
63000	-1.829554559120983e+04	8.200864312775430e-01	2.654883127355982e-01	1.994060949852366e-01	1.945471116929793e-01	3.405584805861862e-01
64000	-1.828443916940482e+04	8.135222358125274e-01	2.593944503151537e-01	2.076825670524239e-01	1.923645020462365e-01	3.405584805861862e-01
65000	-1.830692467574776e+04	7.853113086669362e-01	2.626287635854648e-01	2.044482537821128e-01	1.923645020462365e-01	3.405584805861862e-01
66000	-1.831725251446561e+04	7.956987535396792e-01	2.690147982875132e-01	1.980622190800644e-01	1.911763120789058e-01	3.417466705535169e-01
67000	-1.828761268188769e+04	7.808890165158896e-01	2.656564959623129e-01	2.026696760024085e-01	1.914154843996139e-01	3.402583436356645e-01
68000	-1.829181921689221e+04	7.854225300872109e-01	2.656564959623129e-01	1.948211401961989e-01	1.914154843996139e-01	3.481068794418741e-01
69000	-1.826818969380501e+04	7.701954517734401e-01	2.673009090580784e-01	1.992094449197805e-01	1.926682690877621e-01	3.408213769343791e-01
70000	-1.827031456924911e+04	7.653720708020348e-01	2.697560753390442e-01	2.009606038191976e-01	1.926682690877621e-01	3.366150517539961e-01
71000	-1.828105818483986e+04	7.837522503897886e-01	2.511508363966032e-01	2.009606038191976e-01	1.951621500492797e-01	3.527264097349194e-01
72000	-1.828494257072232e+04	7.867237169735612e-01	2.619845866404262e-01	1.884342327327840e-01	2.004051228383194e-01	3.491760577884704e-01
73000	-1.825884547187386e+04	7.335459689093412e-01	2.673319020845746e-01	1.950596863420111e-01	1.927165879179677e-01	3.448918236554466e-01
74000	-1.826376677851142e+04	7.620792120860976e-01	2.542598989565618e-01	1.950596863420111e-01	1.911690677579592e-01	3.595113469434679e-01
75000	-1.824638572553432e+04	7.752559660492229e-01	2.542347409147803e-01	1.986595933629230e-01	1.911690677579592e-01	3.559365979643374e-01
76000	-1.823834007644121e+04	7.419992071610355e-01	2.542347409147803e-01	1.986595933629230e-01	1.911690677579592e-01	3.559365979643374e-01
77000	-1.823581450764434e+04	7.519580023768828e-01	2.544813527135257e-01	1.918721710145218e-01	1.977098783076149e-01	3.559365979643374e-01
78000	-1.825677780145589e+04	7.432648030753083e-01	2.599738726214904e-01	1.943749808561685e-01	2.044781945930673e-01	3.411729519292738e-01
79000	-1.825671139066098e+04	7.713367609884872e-01	2.599738726214904e-01	1.943749808561685e-01	2.044781945930673e-01	3.411729519292738e-01
80000	-1.825484837581452e+04	7.866359020315895e-01	2.599738726214904e-01	2.097115663564979e-01	1.828023671754019e-01	3.475121938466098e-01
81000	-1.825523695444071e+04	7.801757565009502e-01	2.600772279101242e-01	2.074704235487182e-01	1.978993883230332e-01	3.345529602181244e-01
82000	-1.823773722664030e+04	7.615142642264461e-01	2.566736495671028e-01	2.074704235487182e-01	1.978993883230332e-01	3.379565385611457e-01
83000	-1.822243267898064e+04	7.627383755170009e-01	2.582317462716919e-01	2.030625198468813e-01	2.015791079657255e-01	3.371266259157014e-01
84000	-1.824402884652377e+04	7.833186925713831e-01	2.582317462716919e-01	1.914432585921584e-01	1.902300196532961e-01	3.600949754828536e-01
85000	-1.824337381610577e+04	7.771158075973396e-01	2.587679108803970e-01	2.031075690509664e-01	1.944306851457935e-01	3.436938349228430e-01
86000	-1.823680821497746e+04	7.696725973036401e-01	2.587679108803970e-01	2.089014603851649e-01	1.912120208792241e-01	3.411186078552139e-01
87000	-1.823106215135438e+04	7.856082799387493e-01	2.555485726551155e-01	1.988579229368415e-01	1.951222217024241e-01	3.504712827056189e-01
88000	-1.824314615651591e+04	7.561445987764830e-01	2.588779291865801e-01	1.960490873639961e-01	1.947879592448648e-01	3.502850242045590e-01
89000	-1.823740884628539e+04	7.542009110982191e-01	2.628426629076461e-01	1.960490873639961e-01	1.908232255237988e-01	3.502850242045590e-01
90000	-1.824471942956028e+04	7.694508708756285e-01	2.638046326509768e-01	1.960490873639961e-01	1.908232255237988e-01	3.493230544612283e-01
91000	-1.824958366280490e+04	7.590399159182966e-01	2.645305374146610e-01	1.960490873639961e-01	1.917924829141121e-01	3.476278923072307e-01
92000	-1.824433563738322e+04	7.579596007177974e-01	2.645305374146610e-01	1.951843698645445e-01	1.917924829141121e-01	3.484926098066824e-01
93000	-1.825007810605077e+04	7.790732712331050e-01	2.645305374146610e-01	1.937768359244260e-01	1.917924829141121e-01	3.499001437468009e-01
94000	-1.825046676184677e+04	7.966555727162340e-01	2.645305374146610e-01	1.977038958428808e-01	1.917924829141121e-01	3.459730838283460e-01
95000	-1.826306003217140e+04	7.886172692951759e-01	2.627441909428669e-01	2.047055326989269e-01	1.871423201144107e-01	3.454079562437956e-01
96000	-1.824666968887441e+04	7.843794463381478e-01	2.627441909428669e-01	2.047055326989269e-01	1.871423201144107e-01	3.454079562437956e-01
97000	-1.824575577704261e+04	7.774329459939319e-01	2.650095969477660e-01	2.047055326989269e-01	1.907198511068530e-01	3.395650192464541e-01
98000	-1.826086437023824e+04	8.018326197250754e-01	2.677370950315339e-01	2.047055326989269e-01	1.848805711418413e-01	3.426768011276979e-01
99000	-1.824863933007767e+04	7.835000971280692e-01	2.677370950315339e-01	2.047055326989269e-01	1.848805711418413e-01	3.426768011276979e-01
100000	-1.825404713577920e+04	7.765991760212644e-01	2.710981560371715e-01	1.967032898268407e-01	1.849393360921003e-01	3.472592180438875e-01
101000	-1.822694026332928e+04	7.800262877812920e-01	2.710981560371715e-01	1.967032898268407e-01	1.849393360921003e-01	3.472592180438875e-01
102000	-1.825038424605760e+04	8.137038059712383e-01	2.629563714751063e-01	1.999620844515524e-01	1.831046798942387e-01	3.539768641791026e-01
103000	-1.824262161141114e+04	7.573942527816495e-01	2.550314052759434e-01	1.920633755435252e-01	1.944218997014192e-01	3.584833194791121e-01
104000	-1.825946452245514e+04	8.059279776216993e-01	2.566773413878205e-01	1.920633755435252e-01	1.944218997014192e-01	3.568373833672349e-01
105000	-1.824624315920720e+04	7.634589220004406e-01	2.656872431958044e-01	1.980835625883964e-01	1.935305525358659e-01	3.426986416799334e-01
106000	-1.824496952109393e+04	8.000017614177957e-01	2.600508989978350e-01	1.956598177192760e-01	1.876921987417143e-01	3.565970845411747e-01
107000	-1.823807614134593e+04	7.541594993229334e-01	2.507347800716477e-01	2.014579021415385e-01	1.919463471877582e-01	3.558609705990555e-01
108000	-1.825152489197328e+04	7.866659496234043e-01	2.695668926596414e-01	2.043116573623316e-01	1.856516476852829e-01	3.404698022927442e-01
109000	-1.824593074279429e+04	7.763155023681021e-01	2.715019891609121e-01	1.905542862464665e-01	1.974739222998773e-01	3.404698022927442e-01
110000	-1.824548445943619e+04	7.575569370570739e-01	2.637323720807022e-01	2.026482437700161e-01	1.886243450890720e-01	3.449950390602097e-01
111000	-1.827157688279854e+04	7.855783124807727e-01	2.637323720807022e-01	2.008675830754059e-01	1.908290861191176e-01	3.445709587247742e-01
112000	-1.827005197137120e+04	7.554203292590843e-01	2.657773345400128e-01	1.959562185599218e-01	1.889259948475028e-01	3.493404520525626e-01
113000	-1.827325889175165e+04	7.866519860741192e-01	2.650249414574759e-01	2.074460760928105e-01	1.861809557715208e-01	3.413480266781929e-01
114000	-1.825601230605149e+04	7.950340382533034e-01	2.604456884359146e-01	1.980815354955649e-01	1.876712328051579e-01	3.538015432633627e-01
115000	-1.822201763908020e+04	7.497738420874218e-01	2.604456884359146e-01	1.980815354955649e-01	1.876712328051579e-01	3.538015432633627e-01
116000	-1.821740855479551e+04	7.576734352461254e-01	2.643496020370099e-01	1.980815354955649e-01	1.876712328051579e-01	3.498976296622674e-01
117000	-1.823611097337576e+04	7.553928146207080e-01	2.659687041655677e-01	1.853138955155855e-01	1.987611321855975e-01	3.499562681332494e-01
118000	-1.824210662183883e+04	7.434301278420761e-01	2.563093717551746e-01	1.932943769067437e-01	1.965585445675920e-01	3.538377067704897e-01
119000	-1.824335333867145e+04	7.515419377699332e-01	2.657854404841469e-01	2.012590973492481e-01	1.871937822111045e-01	3.457616799555006e-01
120000	-1.827399762402407e+04	7.771224389901086e-01	2.689517770176914e-01	1.939261251653401e-01	1.913604178614680e-01	3.457616799555006e-01
121000	-1.825365713962318e+04	7.681488378114938e-01	2.689517770176914e-01	1.939261251653401e-01	1.913604178614680e-01	3.457616799555006e-01
122000	-1.824787957140034e+04	7.721970841402996e-01	2.624273341617264e-01	1.924011637917593e-01	1.957022863496544e-01	3.494692156968598e-01
123000	-1.824123656849698e+04	7.647772309375994e-01	2.624273341617264e-01	1.876566280177387e-01	1.957022863496544e-01	3.542137514708803e-01
124000	-1.823402976308447e+04	7.572681576067714e-01	2.649072894363670e-01	1.876566280177387e-01	1.932223310750138e-01	3.542137514708803e-01
125000	-1.823118509551360e+04	7.704517419126635e-01	2.645362524599366e-01	1.876566280177387e-01	1.935933680514441e-01	3.542137514708803e-01
126000	-1.823096899033734e+04	7.655219930110705e-01	2.690554024443718e-01	2.044909243274207e-01	1.922416903524440e-01	3.342119828757635e-01
127000	-1.824284760377223e+04	7.926165420537382e-01	2.735567049724440e-01	1.939680253901723e-01	1.877403878243717e-01	3.447348818130119e-01
128000	-1.824434912850750e+04	7.727481224562704e-01	2.560838800160661e-01	2.104267696669212e-01	1.953386515552065e-01	3.381506987618063e-01
129000	-1.823964774928253e+04	7.690140681930910e-01	2.560838800160661e-01	2.104267696669212e-01	1.953386515552065e-01	3.381506987618063e-01
130000	-1.824500566193380e+04	7.507411829826995e-01	2.549402808238068e-01	2.115703688591806e-01	1.953386515552065e-01	3.381506987618063e-01
131000	-1.826176420262738e+04	7.633899326287672e-01	2.600854361922394e-01	1.921800701202289e-01	2.013256148858316e-01	3.464088788017001e-01
132000	-1.826151884234644e+04	7.517915197668033e-01	2.608064675758273e-01	1.921800701202289e-01	2.006045835022437e-01	3.464088788017001e-01
133000	-1.823137890928541e+04	7.676200766352136e-01	2.604258398665658e-01	1.992631261717878e-01	1.944443184776437e-01	3.458667154840027e-01
134000	-1.822447863201291e+04	7.670335556987032e-01	2.604258398665658e-01	1.995946799039060e-01	1.944642591766339e-01	3.455152210528943e-01
135000	-1.824619683592640e+04	7.714182796697928e-01	2.604258398665658e-01	1.995946799039060e-01	1.944642591766339e-01	3.455152210528943e-01
136000	-1.825522252960313e+04	7.720045430187495e-01	2.528711801691063e-01	2.093084718153565e-01	1.851113222554672e-01	3.527090257600700e-01
137000	-1.828030247788522e+04	8.374699776278716e-01	2.540145628797554e-01	2.066964272000575e-01	1.911574188292261e-01	3.481315910909609e-01
138000	-1.825160264701580e+04	7.869964789286923e-01	2.608367739310037e-01	2.033181019724754e-01	1.849372665469740e-01	3.509078575495468e-01
139000	-1.824166527655691e+04	7.647589749923697e-01	2.608367739310037e-01	2.052073169163615e-01	2.015841025019895e-01	3.323718066506453e-01
140000	-1.824218634255547e+04	7.914845430305851e-01	2.607616478602987e-01	1.937492215031124e-01	1.988136691017832e-01	3.466754615348057e-01
141000	-1.823979371266776e+04	7.715668313596401e-01	2.607616478602987e-01	1.945991190939318e-01	1.979637715109637e-01	3.466754615348057e-01
142000	-1.823189224985860e+04	7.311350372675441e-01	2.612886184518595e-01	2.002403765621377e-01	1.853096709846375e-01	3.531613340013654e-01
143000	-1.823959533464463e+04	7.855408310364596e-01	2.663242120816841e-01	1.960103796886477e-01	1.831954567830154e-01	3.544699514466527e-01
144000	-1.822385910329298e+04	7.277083820636017e-01	2.624976270976132e-01	2.015618229732403e-01	1.979586465276187e-01	3.379819034015279e-01
145000	-1.823932177984372e+04	7.710880741520425e-01	2.624976270976132e-01	2.015618229732403e-01	1.979586465276187e-01	3.379819034015279e-01
146000	-1.823734696042841e+04	7.482789019967903e-01	2.624976270976132e-01	2.015618229732403e-01	1.911366862452739e-01	3.448038636838727e-01
147000	-1.824799179064968e+04	7.797434665001232e-01	2.660178426992759e-01	1.926299008701237e-01	1.918220696344135e-01	3.495301867961869e-01
148000	-1.824652176848648e+04	7.839567158364062e-01	2.629672829759870e-01	1.985123301306300e-01	1.889902000971960e-01	3.495301867961869e-01
149000	-1.825980778683412e+04	8.044675267869332e-01	2.624787022759081e-01	1.985123301306300e-01	1.889902000971960e-01	3.500187674962658e-01
150000	-1.825466346099169e+04	7.750173809525146e-01	2.624787022759081e-01	2.070328496401067e-01	1.889902000971960e-01	3.414982479867891e-01
151000	-1.826369305375670e+04	7.801934948480339e-01	2.735679538216653e-01	1.949345780966055e-01	1.899992200949400e-01	3.414982479867891e-01
152000	-1.825031360627595e+04	7.788621133583294e-01	2.534248665561956e-01	1.967538154718640e-01	1.873678737004960e-01	3.624534442714443e-01
153000	-1.826095175903033e+04	7.670222871712639e-01	2.664479593272497e-01	1.953523328722537e-01	1.966333926169485e-01	3.415663151835482e-01
154000	-1.826775566833638e+04	7.603831046464683e-01	2.646644200390877e-01	2.072587089551358e-01	1.905181739056998e-01	3.375586971000766e-01
155000	-1.824477520732321e+04	7.644543916100803e-01	2.676805535593783e-01	1.984426185199624e-01	1.950676269516566e-01	3.388092009690027e-01
156000	-1.824356048478467e+04	7.380835854630315e-01	2.599234579134411e-01	2.029461904065378e-01	1.905640550650812e-01	3.465662966149399e-01
157000	-1.824559981111091e+04	7.355266331246085e-01	2.573289312399274e-01	2.003492786740134e-01	1.851542468748427e-01	3.571675432112165e-01
158000	-1.826483651020392e+04	7.502758356924799e-01	2.573289312399274e-01	1.940352423258017e-01	1.914682832230543e-01	3.571675432112165e-01
159000	-1.823119509921503e+04	6.914826253891685e-01	2.591632627347552e-01	2.066558567536990e-01	1.914682832230543e-01	3.427125972884915e-01
160000	-1.824336510632978e+04	7.579936318319734e-01	2.516981037029166e-01	2.018020520043728e-01	1.870175396013685e-01	3.594823046913421e-01
161000	-1.823170771330093e+04	7.523120952583949e-01	2.610670712434000e-01	2.082996712149600e-01	1.953338415981504e-01	3.352994159434897e-01
162000	-1.820721971920248e+04	7.426146873059986e-01	2.476790678024638e-01	2.024109641696747e-01	1.871805485710312e-01	3.627294194568303e-01
163000	-1.823653425112152e+04	7.833681657868065e-01	2.460678062098237e-01	1.969183846422067e-01	2.035023317557770e-01	3.535114773921924e-01
164000	-1.822581641421788e+04	7.530329692861707e-01	2.635855770412462e-01	1.977192611489094e-01	1.984432727567713e-01	3.402518890530730e-01
165000	-1.821342216446552e+04	7.774852349747653e-01	2.635855770412462e-01	1.977192611489094e-01	1.984432727567713e-01	3.402518890530730e-01
166000	-1.823146963609217e+04	7.810849166695361e-01	2.635855770412462e-01	1.991691795509496e-01	1.969933543547311e-01	3.402518890530730e-01
167000	-1.823823057162279e+04	7.770837054043448e-01	2.498353966254550e-01	1.991691795509496e-01	1.905359890213073e-01	3.604594348022880e-01
168000	-1.823157434759819e+04	7.808207618739283e-01	2.609538153747513e-01	2.052796785302386e-01	2.001080735913642e-01	3.336584325036459e-01
169000	-1.824825181608551e+04	7.984067919021887e-01	2.639524055473894e-01	1.873835709417258e-01	1.933406670306408e-01	3.553233564802440e-01
170000	-1.822686835514655e+04	7.304318172362276e-01	2.705479862735265e-01	1.929399226299584e-01	1.867450863045037e-01	3.497670047920114e-01
171000	-1.822672180529821e+04	7.573298430194759e-01	2.682510026719315e-01	1.998053862869756e-01	1.972760190136246e-01	3.346675920274682e-01
172000	-1.823774011916183e+04	7.682901409606459e-01	2.636930132316311e-01	1.966202573223148e-01	2.023522463208259e-01	3.373344831252282e-01
173000	-1.825367758571262e+04	7.677524467313477e-01	2.630764269473951e-01	1.901619329661396e-01	1.914783836871143e-01	3.552832563993510e-01
174000	-1.824939147806838e+04	7.450836631132400e-01	2.619714886689800e-01	2.024048458071885e-01	1.955449330900108e-01	3.400787324338209e-01
175000	-1.825296559869461e+04	7.769631714664705e-01	2.638051346971135e-01	2.024048458071885e-01	1.970345358813252e-01	3.367554836143729e-01
176000	-1.824244961509850e+04	7.497463925385852e-01	2.638051346971135e-01	1.864706218158809e-01	1.970345358813252e-01	3.526897076056804e-01
177000	-1.824148086360212e+04	7.650565221323832e-01	2.570098867786881e-01	2.014503472044264e-01	1.936880424666970e-01	3.478517235501883e-01
178000	-1.823395891278454e+04	7.518652755983618e-01	2.717650863167663e-01	1.904364732972975e-01	1.960712161951138e-01	3.417272241908224e-01
179000	-1.823420879686156e+04	7.296657222333022e-01	2.639254629734668e-01	1.927543686861607e-01	1.868769290544617e-01	3.564432392859109e-01
180000	-1.824427929728226e+04	7.922388333645205e-01	2.633925352657768e-01	1.976853526445705e-01	1.906334828834538e-01	3.482886292061989e-01
181000	-1.822749602598740e+04	7.487693823742234e-01	2.633925352657768e-01	1.976853526445705e-01	1.906334828834538e-01	3.482886292061989e-01
182000	-1.824172357401586e+04	7.913842732321177e-01	2.686657779230842e-01	1.998250054642662e-01	1.916118976490765e-01	3.398973189635732e-01
183000	-1.822672149198899e+04	7.647143047361792e-01	2.551921911168683e-01	2.009347191684385e-01	1.916118976490765e-01	3.522611920656167e-01
184000	-1.822710577464861e+04	7.699582067751819e-01	2.623862509721993e-01	2.023871745911426e-01	1.905633252396615e-01	3.446632491969965e-01
185000	-1.821706468153537e+04	7.559116244616538e-01	2.623862509721993e-01	2.023871745911426e-01	1.905633252396615e-01	3.446632491969965e-01
186000	-1.823431564413429e+04	7.709988718653208e-01	2.623862509721993e-01	2.023871745911426e-01	1.905633252396615e-01	3.446632491969965e-01
187000	-1.823040750677635e+04	8.094126187075805e-01	2.623862509721993e-01	2.023871745911426e-01	1.905633252396615e-01	3.446632491969965e-01
188000	-1.820732622569546e+04	7.745356344088888e-01	2.717814318846282e-01	1.916281682467123e-01	1.932408962605641e-01	3.433495036080952e-01
189000	-1.821152653325791e+04	7.559372799878562e-01	2.717814318846282e-01	1.916281682467123e-01	1.932408962605641e-01	3.433495036080952e-01
190000	-1.821930041178885e+04	7.380153900508143e-01	2.561134950451067e-01	2.134731990994713e-01	1.932408962605641e-01	3.371724095948578e-01
191000	-1.824757019844982e+04	7.851484665843799e-01	2.568840977870896e-01	2.127025963574884e-01	1.932408962605641e-01	3.371724095948578e-01
192000	-1.823148256924267e+04	7.725245126934176e-01	2.568840977870896e-01	2.112234995507619e-01	1.947199930672906e-01	3.371724095948578e-01
193000	-1.822168360210263e+04	7.832046852760450e-01	2.624859551100841e-01	2.056216422277674e-01	1.947199930672906e-01	3.371724095948578e-01
194000	-1.821284235315300e+04	7.701121792162423e-01	2.650892927429700e-01	2.051993850378335e-01	1.925389126243385e-01	3.371724095948578e-01
195000	-1.820105377325733e+04	7.487540977756897e-01	2.602922684639191e-01	1.917879446859066e-01	2.018168320894273e-01	3.461029547607470e-01
196000	-1.822982770629394e+04	7.909482472530370e-01	2.592717998261078e-01	1.969719573767157e-01	2.018168320894273e-01	3.419394107077492e-01
197000	-1.822886529221269e+04	7.829048383379069e-01	2.557913285541423e-01	2.022760327646851e-01	1.938726061307834e-01	3.480600325503892e-01
198000	-1.822787655784487e+04	7.815749992353225e-01	2.557913285541423e-01	1.929626581449775e-01	2.031859807504910e-01	3.480600325503892e-01
199000	-1.822172149955307e+04	7.697417517130505e-01	2.651072196189856e-01	1.947030547361754e-01	1.921296930944497e-01	3.480600325503892e-01
200000	-1.824126831486464e+04	7.974279206062526e-01	2.610876693986847e-01	1.987226049564764e-01	1.921296930944497e-01	3.480600325503892e-01
201000	-1.823898579238902e+04	7.792495404970738e-01	2.610876693986847e-01	1.987226049564764e-01	1.911665409695565e-01	3.490231846752824e-01
202000	-1.822750453273964e+04	7.750741816269296e-01	2.576629265869453e-01	1.987226049564764e-01	1.908239381828833e-01	3.527905302736949e-01
203000	-1.822043272660837e+04	7.587230823367939e-01	2.576629265869453e-01	1.987226049564764e-01	1.897248353447164e-01	3.538896331118618e-01
204000	-1.823226844959591e+04	7.722394338683970e-01	2.551373837858546e-01	2.077788910862790e-01	1.861946076600287e-01	3.508891174678377e-01
205000	-1.822734684029124e+04	7.843557106064992e-01	2.607735116519450e-01	1.967663864329373e-01	1.906145930332535e-01	3.518455088818641e-01
206000	-1.824268899806954e+04	7.707508077501559e-01	2.631348177428969e-01	1.967663864329373e-01	1.836071789151528e-01	3.564916169090129e-01
207000	-1.823061970456066e+04	7.503903828402076e-01	2.554415036508421e-01	2.066301422658954e-01	1.880438243109240e-01	3.498845297723386e-01
208000	-1.823148514052460e+04	7.557002343078799e-01	2.614897757533721e-01	1.998226281445776e-01	1.999465333056586e-01	3.387410627963917e-01
209000	-1.823914177863317e+04	7.706686473110018e-01	2.721670553602443e-01	2.025674053038748e-01	1.935706188074434e-01	3.316949205284376e-01
210000	-1.822889742056286e+04	7.579972787515176e-01	2.721670553602443e-01	1.965086212398094e-01	1.868877155470534e-01	3.444366078528930e-01
211000	-1.824409352125538e+04	7.454800293835302e-01	2.679970873998488e-01	1.945226144986752e-01	1.976495425697658e-01	3.398307555317101e-01
212000	-1.823829052941271e+04	7.934997195339326e-01	2.598316346212486e-01	2.014069994328037e-01	1.902402818923521e-01	3.485210840535957e-01
213000	-1.824939170726637e+04	7.857889711299322e-01	2.610123263393513e-01	2.020230397974279e-01	1.904230190505067e-01	3.465416148127140e-01
214000	-1.821910720975856e+04	7.646385007071337e-01	2.610123263393513e-01	2.020230397974279e-01	1.898772654562228e-01	3.470873684069978e-01
215000	-1.823951739030963e+04	7.555260021838869e-01	2.656418910863143e-01	2.028552694453876e-01	1.900070259486710e-01	3.414958135196272e-01
216000	-1.824549206335402e+04	7.462315233157431e-01	2.666956313877848e-01	2.009482769740967e-01	1.900070259486710e-01	3.423490656894475e-01
217000	-1.825106341963517e+04	7.529322305998538e-01	2.542970618834928e-01	2.063162606881417e-01	1.900070259486710e-01	3.493796514796945e-01
218000	-1.824970583905096e+04	7.662731920050547e-01	2.602019740118749e-01	2.004113485597596e-01	1.900070259486710e-01	3.493796514796945e-01
219000	-1.824365193606159e+04	7.624899626934235e-01	2.602019740118749e-01	1.930301923598722e-01	1.973881821485584e-01	3.493796514796945e-01
220000	-1.824242360755234e+04	7.730490963132938e-01	2.710823457192744e-01	1.917213320525936e-01	1.878166707484374e-01	3.493796514796945e-01
221000	-1.824074128662475e+04	7.543517082684795e-01	2.756720831348921e-01	1.964872791249586e-01	1.784159574682032e-01	3.494246802719460e-01
222000	-1.823551656402501e+04	7.371366726991229e-01	2.614870094989307e-01	1.999859857447503e-01	1.859576727664587e-01	3.525693319898604e-01
223000	-1.823393347894258e+04	7.243909836087211e-01	2.531450430662051e-01	1.999859857447503e-01	1.960054169493659e-01	3.508635542396789e-01
224000	-1.825316419561519e+04	7.863512626243969e-01	2.586225430249548e-01	1.954136147983623e-01	2.035702138500689e-01	3.423936283266140e-01
225000	-1.821041015709309e+04	7.537553681802819e-01	2.586225430249548e-01	2.033069538372253e-01	1.956768748112059e-01	3.423936283266140e-01
226000	-1.822797412327869e+04	7.641152479981544e-01	2.634546233318097e-01	1.978460313075321e-01	1.988987625943479e-01	3.398005827663101e-01
227000	-1.823335948540604e+04	7.398516237485085e-01	2.634546233318097e-01	1.978460313075321e-01	1.988987625943479e-01	3.398005827663101e-01
228000	-1.823107968380020e+04	7.873768777624794e-01	2.623985181598653e-01	1.920962732405493e-01	1.985338646478995e-01	3.469713439516861e-01
229000	-1.821451278063994e+04	7.688698949014617e-01	2.623985181598653e-01	1.920962732405493e-01	1.985338646478995e-01	3.469713439516861e-01
230000	-1.822715841086859e+04	7.479360347472694e-01	2.637157717802527e-01	1.902332460368464e-01	1.941023454784511e-01	3.519486367044496e-01
231000	-1.821101167133257e+04	7.750569884323906e-01	2.622513827511285e-01	1.916976350659707e-01	1.941023454784511e-01	3.519486367044496e-01
232000	-1.822647783720426e+04	7.728473472255567e-01	2.569397021945565e-01	1.916976350659707e-01	1.941023454784511e-01	3.572603172610216e-01
233000	-1.821273647007230e+04	7.589849097523735e-01	2.673773827823407e-01	1.913812045252770e-01	1.925964888793447e-01	3.486449238130375e-01
234000	-1.823416732752390e+04	8.056117803876597e-01	2.604459525962953e-01	2.071366690775289e-01	1.891487893078357e-01	3.432685890183400e-01
235000	-1.822947576422330e+04	7.669490111820884e-01	2.631514430120838e-01	1.953388947163686e-01	1.862302914565100e-01	3.552793708150375e-01
236000	-1.823667332802350e+04	7.941210599607249e-01	2.631514430120838e-01	1.893946168094796e-01	1.921745693633991e-01	3.552793708150375e-01
237000	-1.822125479127265e+04	7.630968586353657e-01	2.630921287159838e-01	1.974230796438536e-01	2.019145049181008e-01	3.375702867220617e-01
238000	-1.824199440930681e+04	7.662253542976739e-01	2.630921287159838e-01	1.974230796438536e-01	1.949556671973551e-01	3.445291244428074e-01
239000	-1.823340062153601e+04	7.591501996230902e-01	2.686383406013865e-01	1.984451566277952e-01	1.971628127459196e-01	3.357536900248987e-01
240000	-1.823158621129512e+04	7.316177753136545e-01	2.572421997395125e-01	2.095692956937989e-01	1.971628127459196e-01	3.360256918207691e-01
241000	-1.826419695710097e+04	7.581511056285055e-01	2.703860186640321e-01	1.921048545953016e-01	1.936076930545497e-01	3.439014336861165e-01
242000	-1.824919124876156e+04	7.757440448674048e-01	2.683217877212797e-01	1.966666856480527e-01	1.989858348098986e-01	3.360256918207691e-01
243000	-1.822257992101308e+04	7.452395961067422e-01	2.646322067028164e-01	1.996385293114358e-01	1.944735156390830e-01	3.412557483466649e-01
244000	-1.824761454408943e+04	7.904858801093056e-01	2.646322067028164e-01	1.996385293114358e-01	1.944735156390830e-01	3.412557483466649e-01
245000	-1.822063386381817e+04	7.568585109966295e-01	2.646322067028164e-01	1.979821919013180e-01	1.949187345227985e-01	3.424668668730672e-01
246000	-1.820326350825779e+04	7.415065678014193e-01	2.657805469175674e-01	1.988544616871825e-01	1.928981245221830e-01	3.424668668730672e-01
247000	-1.821958057561685e+04	7.721454862705280e-01	2.624286446470940e-01	1.997671124622937e-01	1.875226088937182e-01	3.502816339968943e-01
248000	-1.822836805408615e+04	7.656738985562856e-01	2.645808475792745e-01	1.972917597007174e-01	1.909306117303304e-01	3.471967809896777e-01
249000	-1.821553642538553e+04	7.446532830235205e-01	2.609881954659653e-01	2.012985511778777e-01	1.869238202531702e-01	3.507894331029868e-01
250000	-1.820768119968186e+04	7.651986500203015e-01	2.663735737834979e-01	1.996739775859396e-01	1.967885688968710e-01	3.371638797336917e-01
251000	-1.822890809122862e+04	7.887975768447126e-01	2.663735737834979e-01	1.940772352048076e-01	2.023853112780030e-01	3.371638797336917e-01
252000	-1.823768090645500e+04	7.751792195057985e-01	2.634638614797162e-01	2.036754667502564e-01	1.967747913471539e-01	3.360858804228735e-01
253000	-1.823108094193388e+04	8.000030020028613e-01	2.605444889659151e-01	2.008485542403532e-01	1.967747913471539e-01	3.418321654465778e-01
254000	-1.824132295981740e+04	7.894281645459882e-01	2.605444889659151e-01	2.008485542403532e-01	1.941852696984191e-01	3.444216870953126e-01
255000	-1.822201487347467e+04	7.724562194238523e-01	2.628884950280216e-01	2.008485542403532e-01	1.941852696984191e-01	3.420776810332061e-01
256000	-1.821466401141027e+04	7.496463412411620e-01	2.630692068613480e-01	2.034492134787086e-01	1.915846104600638e-01	3.418969691998797e-01
257000	-1.821918315748751e+04	7.681864013305878e-01	2.681177706236617e-01	1.995182063444818e-01	1.926574564551818e-01	3.397065665766748e-01
258000	-1.822162562672602e+04	7.509026167560455e-01	2.625767061605540e-01	1.960299110848503e-01	1.885484219807197e-01	3.528449607738760e-01
259000	-1.822459403502951e+04	7.485920612926280e-01	2.625767061605540e-01	2.020113262010090e-01	1.811875025557632e-01	3.542244650826738e-01
260000	-1.821743148756903e+04	7.627274496616765e-01	2.537101834418590e-01	2.046850219660688e-01	1.942758773740248e-01	3.473289172180473e-01
261000	-1.822308867030356e+04	7.578581021378821e-01	2.551317831434238e-01	1.953400093328969e-01	1.995443802847754e-01	3.499838272389038e-01
262000	-1.821931328319334e+04	7.414756497364121e-01	2.645321053824026e-01	1.953400093328969e-01	1.995443802847754e-01	3.405835049999250e-01
263000	-1.823658404636210e+04	7.886704201171556e-01	2.674148067581251e-01	1.953400093328969e-01	1.966616789090530e-01	3.405835049999250e-01
264000	-1.822197383261524e+04	7.391253062930574e-01	2.536404864367873e-01	1.990978084531649e-01	1.940243440418371e-01	3.532373610682106e-01
265000	-1.822310904469682e+04	7.367739641680101e-01	2.598341486085848e-01	1.929041462813674e-01	1.940243440418371e-01	3.532373610682106e-01
266000	-1.823066298227492e+04	7.445847751680831e-01	2.598341486085848e-01	2.012059493789327e-01	1.940243440418371e-01	3.449355579706455e-01
267000	-1.823553753519004e+04	7.648245337842201e-01	2.643652982439502e-01	1.924716544095894e-01	1.909669827129412e-01	3.521960646335193e-01
268000	-1.823563740181302e+04	7.503983951996610e-01	2.585699777428336e-01	2.021178909015666e-01	1.987943896310281e-01	3.405177417245715e-01
269000	-1.821600791911440e+04	7.281389402788486e-01	2.659994737276167e-01	2.021700425510854e-01	1.913127419967263e-01	3.405177417245715e-01
270000	-1.822844719846938e+04	7.319192188555864e-01	2.609268962965940e-01	1.968583342088671e-01	2.044726465713262e-01	3.377421229232127e-01
271000	-1.822647429277481e+04	7.400116680758151e-01	2.639131045605578e-01	2.058603252189562e-01	1.912612424733039e-01	3.389653277471822e-01
272000	-1.822642431065343e+04	7.149098329498451e-01	2.610991939534523e-01	2.008698210535525e-01	1.879093333706026e-01	3.501216516223927e-01
273000	-1.823935010241148e+04	7.594109366149767e-01	2.644003529802647e-01	2.008698210535525e-01	1.879093333706026e-01	3.468204925955803e-01
274000	-1.822280779608382e+04	7.392472418900732e-01	2.655968968803518e-01	2.037754910220519e-01	1.854084995507779e-01	3.452191125468185e-01
275000	-1.823061044162636e+04	7.525971351433821e-01	2.662873673087548e-01	1.907021478506553e-01	1.920828878267147e-01	3.509275970138753e-01
276000	-1.823625234412327e+04	7.196808557438539e-01	2.669322562449538e-01	1.901334248484438e-01	2.046864092337306e-01	3.382479096728720e-01
277000	-1.823003567754287e+04	7.451763429508308e-01	2.606942770651599e-01	1.963122458405727e-01	1.912171488618517e-01	3.517763282324156e-01
278000	-1.822184813002432e+04	7.499170868712397e-01	2.597812849204129e-01	1.972252379853197e-01	1.939806957052980e-01	3.490127813889693e-01
279000	-1.824103091614213e+04	7.451305095307139e-01	2.635481150819889e-01	2.004043589986448e-01	1.901089168125254e-01	3.459386091068409e-01
280000	-1.824564899366868e+04	7.749967236060855e-01	2.621657164816877e-01	2.027571709798681e-01	2.025580814874192e-01	3.325190310510249e-01
281000	-1.824302249437664e+04	7.362840238798111e-01	2.633267768657229e-01	2.040501019630554e-01	1.848004858120005e-01	3.478226353592213e-01
282000	-1.824121899828031e+04	7.502049583041304e-01	2.558366790934318e-01	1.910615177240956e-01	1.995985325393042e-01	3.535032706431683e-01
283000	-1.823503174712183e+04	7.340065978491787e-01	2.706593561556038e-01	1.931895377285278e-01	1.898794674472741e-01	3.462716386685942e-01
284000	-1.823977432343901e+04	7.548013185589554e-01	2.693345263812419e-01	1.931895377285278e-01	1.902211138921713e-01	3.472548219980588e-01
285000	-1.823049713379034e+04	7.497107962086110e-01	2.642931003476737e-01	1.908208030576793e-01	1.976312745965881e-01	3.472548219980588e-01
