[ID: 6102631599]
Gen	LnL	TL	pi(A)	pi(C)	pi(G)	pi(T)
0	-1.882302940433428e+04	2.249999999999996e+00	2.500000000000000e-01	2.500000000000000e-01	2.500000000000000e-01	2.500000000000000e-01
1000	-1.392465821924461e+04	1.721532523231777e+00	1.903525481013378e-01	2.582844017629248e-01	2.385248757389519e-01	3.128381743967856e-01
2000	-1.165848039807782e+04	1.461358460370789e+00	2.019733928359284e-01	2.664463434787714e-01	2.343426332484039e-01	2.972376304368961e-01
3000	-1.032808164381953e+04	1.283990124052288e+00	1.911183636061584e-01	2.484393904475231e-01	2.473235277447149e-01	3.131187182016035e-01
4000	-9.558951666879299e+03	1.230924791227477e+00	2.037377818921481e-01	2.513657529866124e-01	2.418615903170218e-01	3.030348748042178e-01
5000	-9.052481526999019e+03	1.324357752214987e+00	1.966053086525725e-01	2.417316445521015e-01	2.496723113335336e-01	3.119907354617925e-01
6000	-8.780586463868854e+03	1.246427876988543e+00	2.046700892400918e-01	2.603706274784324e-01	2.328601603208661e-01	3.020991229606097e-01
7000	-8.637142467927137e+03	1.270597807108903e+00	2.046700892400918e-01	2.570717761111757e-01	2.481169801734462e-01	2.901411544752863e-01
8000	-8.432455760259880e+03	1.258532843905659e+00	2.105053640556265e-01	2.411172523815309e-01	2.431323688178876e-01	3.052450147449550e-01
9000	-8.288204138258285e+03	1.227555100807206e+00	1.999218410736163e-01	2.500575146952562e-01	2.493795149538969e-01	3.006411292772306e-01
10000	-8.277658197262059e+03	1.215924958710133e+00	2.064232584470644e-01	2.500593912026290e-01	2.428780975804488e-01	3.006392527698578e-01
11000	-8.225781073945618e+03	1.235668271543094e+00	2.125039493106727e-01	2.380978516332533e-01	2.579755799453293e-01	2.914226191107449e-01
12000	-8.215687249098879e+03	1.213394200029334e+00	2.067510534722268e-01	2.513734737964177e-01	2.431212685688966e-01	2.987542041624590e-01
13000	-8.214035023355340e+03	1.255927670141588e+00	2.067510534722268e-01	2.592514260209325e-01	2.352433163443818e-01	2.987542041624590e-01
14000	-8.215805134687571e+03	1.193110659846449e+00	1.983161162433234e-01	2.534250091994908e-01	2.421131530277625e-01	3.061457215294232e-01
15000	-8.197404343542446e+03	1.221051074369278e+00	1.973057516166111e-01	2.562844356989589e-01	2.434644828933030e-01	3.029453297911271e-01
16000	-8.219541827265974e+03	1.261896655651835e+00	2.237022609764867e-01	2.305448260163657e-01	2.401853176351861e-01	3.055675953719614e-01
17000	-8.196628947451836e+03	1.194640255853633e+00	1.936480757306317e-01	2.464267011099011e-01	2.512724166160438e-01	3.086528065434233e-01
18000	-8.192980360244339e+03	1.274940309557148e+00	2.079331000601576e-01	2.529705845221257e-01	2.425547694382153e-01	2.965415459795014e-01
19000	-8.194117569266993e+03	1.159773245657375e+00	1.859945881426957e-01	2.477628964662938e-01	2.569271360085484e-01	3.093153793824620e-01
20000	-8.180406080277994e+03	1.222513786106787e+00	2.238419046389033e-01	2.469416873832177e-01	2.451321173628849e-01	2.840842906149941e-01
21000	-8.192352252835140e+03	1.242712078650857e+00	2.095589374341941e-01	2.360782476487090e-01	2.592593835242786e-01	2.951034313928184e-01
22000	-8.179697868819266e+03	1.206102172327834e+00	2.113239934544602e-01	2.377792920410292e-01	2.484038137834349e-01	3.024929007210757e-01
23000	-8.167446257026795e+03	1.170683094362985e+00	2.023814543002803e-01	2.639296798219585e-01	2.422521830776810e-01	2.914366828000802e-01
24000	-8.170559231285039e+03	1.184013974841699e+00	1.997330652403788e-01	2.626274751113127e-01	2.422521830776810e-01	2.953872765706275e-01
25000	-8.157452840250074e+03	1.203338599885978e+00	2.083466028717447e-01	2.478601982377809e-01	2.447611851586426e-01	2.990320137318318e-01
26000	-8.173190286329133e+03	1.230793217784958e+00	2.086091723878405e-01	2.396817015251375e-01	2.532304881500752e-01	2.984786379369468e-01
27000	-8.180637220538752e+03	1.243824471724797e+00	2.023985894324442e-01	2.527217793051432e-01	2.429733518468869e-01	3.019062794155256e-01
28000	-8.183681946907015e+03	1.266899561216610e+00	1.943655978386709e-01	2.583612250544104e-01	2.534835666429107e-01	2.937896104640079e-01
29000	-8.166882828929929e+03	1.224783070847947e+00	2.034485529915455e-01	2.391136676164898e-01	2.415750617551123e-01	3.158627176368524e-01
30000	-8.179245919404609e+03	1.224452340066161e+00	2.005049679529227e-01	2.523737026051472e-01	2.484711896010686e-01	2.986501398408616e-01
31000	-8.167474025798669e+03	1.202864722189213e+00	2.038392659288077e-01	2.550923261561833e-01	2.398363058717128e-01	3.012321020432961e-01
32000	-8.190748515179984e+03	1.298605555407667e+00	1.997104309643178e-01	2.449143055073697e-01	2.516170730762258e-01	3.037581904520865e-01
33000	-8.196161790579694e+03	1.257663517285213e+00	1.966740158929742e-01	2.540278140490424e-01	2.627781175301155e-01	2.865200525278680e-01
34000	-8.191192139298500e+03	1.241549753920984e+00	1.991563066299307e-01	2.483855178851283e-01	2.518295486124475e-01	3.006286268724935e-01
35000	-8.194601010064172e+03	1.205741794329790e+00	2.078654950388459e-01	2.557234739747024e-01	2.484105857202860e-01	2.880004452661658e-01
36000	-8.200688253276126e+03	1.281540639448011e+00	2.108226983129808e-01	2.554198732093136e-01	2.424124031214400e-01	2.913450253562656e-01
37000	-8.183213303316250e+03	1.225005055722717e+00	1.932128651211031e-01	2.399090252338339e-01	2.495856533898332e-01	3.172924562552300e-01
38000	-8.198902391359536e+03	1.256845258633482e+00	2.048580242985365e-01	2.357247775321994e-01	2.483163438926921e-01	3.111008542765719e-01
39000	-8.202563153375546e+03	1.233618563511282e+00	2.048580242985365e-01	2.312616574256683e-01	2.517258146098217e-01	3.121545036659734e-01
40000	-8.191026206325610e+03	1.223062119312314e+00	2.116503171079087e-01	2.412898777348879e-01	2.485370744936873e-01	2.985227306635162e-01
41000	-8.188839670066734e+03	1.246313265024167e+00	2.075331846019624e-01	2.567203330518424e-01	2.475535744105619e-01	2.881929079356334e-01
42000	-8.174918253087593e+03	1.213387035172751e+00	2.097710539925452e-01	2.412051775171576e-01	2.375213959911892e-01	3.115023724991081e-01
43000	-8.192844518955742e+03	1.225383745159867e+00	2.136574175674864e-01	2.422412871307257e-01	2.533963116357447e-01	2.907049836660432e-01
44000	-8.203155870771907e+03	1.243251748572884e+00	1.922300083465230e-01	2.619264555382045e-01	2.494254639535082e-01	2.964180721617644e-01
45000	-8.184124706282210e+03	1.185670267078289e+00	1.922300083465230e-01	2.619264555382045e-01	2.494254639535082e-01	2.964180721617644e-01
46000	-8.170234018766133e+03	1.213229102945212e+00	1.938333918471166e-01	2.521336151410191e-01	2.532113582067920e-01	3.008216348050723e-01
47000	-8.174504304465450e+03	1.227216229421215e+00	2.083453186178620e-01	2.335766329545517e-01	2.555354387254546e-01	3.025426097021317e-01
48000	-8.159506384518710e+03	1.186170948984708e+00	2.139649327443101e-01	2.532004561281022e-01	2.517040523063331e-01	2.811305588212548e-01
49000	-8.160480327792210e+03	1.153266948321549e+00	1.942635941004114e-01	2.585284856506096e-01	2.344851080120026e-01	3.127228122369765e-01
50000	-8.181574383671799e+03	1.226343910527315e+00	1.968497026990525e-01	2.411083239992705e-01	2.652019210436066e-01	2.968400522580704e-01
51000	-8.182587915286767e+03	1.200869739691997e+00	2.127139246823883e-01	2.334642268185973e-01	2.593760381635820e-01	2.944458103354325e-01
52000	-8.196448296043607e+03	1.219005617614038e+00	2.031799198432366e-01	2.313504366228535e-01	2.625353340887379e-01	3.029343094451719e-01
53000	-8.158173953135530e+03	1.186073337586181e+00	2.099048420252495e-01	2.486056346310225e-01	2.425509512926180e-01	2.989385720511099e-01
54000	-8.166378399180359e+03	1.224377288181824e+00	1.942916483460367e-01	2.518887136303460e-01	2.402709341636639e-01	3.135487038599534e-01
55000	-8.172848399895854e+03	1.182385257140939e+00	2.052971286259054e-01	2.433266664178096e-01	2.421229604750791e-01	3.092532444812060e-01
56000	-8.171919720222899e+03	1.207121196632018e+00	1.944610791820595e-01	2.517821908317395e-01	2.507382626150347e-01	3.030184673711664e-01
57000	-8.179587806577957e+03	1.229569941288312e+00	2.143253325492981e-01	2.505510337172251e-01	2.449296078941496e-01	2.901940258393271e-01
58000	-8.148044025686280e+03	1.136038046492573e+00	2.087637322495235e-01	2.453232208714105e-01	2.436916065733459e-01	3.022214403057201e-01
59000	-8.170347345871914e+03	1.169846889014544e+00	2.013856486361094e-01	2.569211656663324e-01	2.357277653705599e-01	3.059654203269982e-01
60000	-8.175875543117452e+03	1.217436716028987e+00	1.915511121443858e-01	2.388470080345767e-01	2.523446004206802e-01	3.172572794003573e-01
61000	-8.198008667990269e+03	1.191129711728136e+00	1.915511121443858e-01	2.521723804778489e-01	2.600517701756379e-01	2.962247372021275e-01
62000	-8.186649910583682e+03	1.212780374797878e+00	2.127332433065222e-01	2.461582054326280e-01	2.438805762845843e-01	2.972279749762656e-01
63000	-8.167149625847376e+03	1.220470207460328e+00	2.042977783424512e-01	2.568179562877345e-01	2.506036150052998e-01	2.882806503645146e-01
64000	-8.173645707004878e+03	1.243794052945549e+00	2.035581170028148e-01	2.384552420264114e-01	2.600315016907324e-01	2.979551392800414e-01
65000	-8.169398722486773e+03	1.225184025490659e+00	2.039158485393757e-01	2.481278029453981e-01	2.635866518296177e-01	2.843696966856084e-01
66000	-8.145515101168591e+03	1.189287659015963e+00	1.988602419450291e-01	2.770172519255714e-01	2.248361959847636e-01	2.992863101446359e-01
67000	-8.154717014288182e+03	1.202301074251189e+00	2.097088192689708e-01	2.386441872859534e-01	2.487403614911330e-01	3.029066319539429e-01
68000	-8.155915585290310e+03	1.242643406728308e+00	2.083318240200646e-01	2.401774060177027e-01	2.596851797556268e-01	2.918055902066059e-01
69000	-8.158653985097479e+03	1.185446642672672e+00	1.947771331943161e-01	2.602916179396393e-01	2.601383971921566e-01	2.847928516738881e-01
70000	-8.157575869074407e+03	1.195149174809759e+00	2.046495478644565e-01	2.372702604665845e-01	2.423023257323023e-01	3.157778659366568e-01
71000	-8.163756762551589e+03	1.196127966114432e+00	2.196414720570997e-01	2.408286224315145e-01	2.340606858030242e-01	3.054692197083618e-01
72000	-8.151140782915233e+03	1.184331825981059e+00	2.088506290357728e-01	2.430169636040018e-01	2.365912002819536e-01	3.115412070782720e-01
73000	-8.156194969773115e+03	1.260685579884846e+00	2.088006674331780e-01	2.414072155645608e-01	2.578266153692499e-01	2.919655016330113e-01
74000	-8.147899415270041e+03	1.246938875431366e+00	2.076774055560820e-01	2.451805201483673e-01	2.686459565640790e-01	2.784961177314716e-01
75000	-8.137195840549674e+03	1.215815706083947e+00	2.125058103757995e-01	2.606135432245061e-01	2.391151585775791e-01	2.877654878221154e-01
76000	-8.158145125290176e+03	1.233959429954772e+00	1.940706690400330e-01	2.388778054188819e-01	2.634994974260388e-01	3.035520281150463e-01
77000	-8.176236164126582e+03	1.259735289227920e+00	2.059297466564989e-01	2.539399529511184e-01	2.492656769852374e-01	2.908646234071454e-01
78000	-8.166019145260878e+03	1.224983412981322e+00	1.959302138532662e-01	2.564753558675625e-01	2.490798976923966e-01	2.985145325867747e-01
79000	-8.162501742211614e+03	1.217313206677813e+00	1.980939005235388e-01	2.523126511776216e-01	2.499380625557145e-01	2.996553857431250e-01
80000	-8.170826788340117e+03	1.225263504574473e+00	2.048832246783664e-01	2.611910422671624e-01	2.375588619281827e-01	2.963668711262885e-01
81000	-8.171943384199534e+03	1.242159651200107e+00	2.184559523229987e-01	2.462519690404109e-01	2.367461824520515e-01	2.985458961845390e-01
82000	-8.195462620085142e+03	1.268503408226896e+00	1.863848061005160e-01	2.456498278530902e-01	2.603385204819303e-01	3.076268455644636e-01
83000	-8.178547616207301e+03	1.217369516415282e+00	2.143052089363975e-01	2.527999622393942e-01	2.451811092701058e-01	2.877137195541025e-01
84000	-8.181919496615006e+03	1.226168814577650e+00	2.126894256681879e-01	2.537513947202282e-01	2.496481652388485e-01	2.839110143727354e-01
85000	-8.164423537589398e+03	1.213055065137019e+00	1.968810096573847e-01	2.514491120892267e-01	2.508977503743445e-01	3.007721278790442e-01
86000	-8.181305943321687e+03	1.254458238790556e+00	2.041162969084166e-01	2.524882347269189e-01	2.425592820822978e-01	3.008361862823667e-01
87000	-8.179421984065836e+03	1.223316203593997e+00	2.041162969084166e-01	2.422106823011171e-01	2.564054961571698e-01	2.972675246332966e-01
88000	-8.163920584187548e+03	1.196485426158156e+00	1.967447336079976e-01	2.592953630632838e-01	2.551781428330588e-01	2.887817604956599e-01
89000	-8.157507966531638e+03	1.200180665890862e+00	2.089636077083638e-01	2.571450475011590e-01	2.366197458655079e-01	2.972715989249694e-01
90000	-8.186508285873064e+03	1.223207776308835e+00	1.924062057434101e-01	2.388561763848579e-01	2.540334333529293e-01	3.147041845188028e-01
91000	-8.174192444200330e+03	1.209430534812983e+00	2.114459571316928e-01	2.322842465967836e-01	2.598471403839465e-01	2.964226558875772e-01
92000	-8.167699665275298e+03	1.236662974407122e+00	2.176555135303938e-01	2.431767850353130e-01	2.485425130300828e-01	2.906251884042104e-01
93000	-8.186084552305703e+03	1.204212149373742e+00	2.037519531331768e-01	2.387060505528270e-01	2.444545721386020e-01	3.130874241753943e-01
94000	-8.189684256872796e+03	1.236535037957649e+00	1.968863980860690e-01	2.479502260719151e-01	2.492972854967011e-01	3.058660903453149e-01
95000	-8.185569794443246e+03	1.240050956989143e+00	1.968863980860690e-01	2.479502260719151e-01	2.492972854967011e-01	3.058660903453149e-01
96000	-8.173300913328575e+03	1.239082371970819e+00	2.106764012161976e-01	2.449717600853101e-01	2.606941560991897e-01	2.836576825993026e-01
97000	-8.149319525461332e+03	1.156354222021357e+00	1.997375722029220e-01	2.585130500157333e-01	2.344302553690650e-01	3.073191224122796e-01
98000	-8.183282846000452e+03	1.212914531565370e+00	2.142828282129944e-01	2.331518106768721e-01	2.448036478501479e-01	3.077617132599857e-01
99000	-8.172399954906778e+03	1.190617050971954e+00	2.126290776816064e-01	2.446560830677770e-01	2.536324170162101e-01	2.890824222344064e-01
100000	-8.170531989864586e+03	1.195738499604645e+00	2.080001289971810e-01	2.540205339277642e-01	2.367557885952132e-01	3.012235484798415e-01
101000	-8.171609996680952e+03	1.205475051095074e+00	1.994575297086175e-01	2.390807325370869e-01	2.581302163417439e-01	3.033315214125518e-01
102000	-8.170856708289100e+03	1.295349461409542e+00	1.848775813271218e-01	2.431253173924252e-01	2.634134993926137e-01	3.085836018878393e-01
103000	-8.154115802002999e+03	1.225626154432411e+00	2.022420940250331e-01	2.614179118664631e-01	2.409531627409361e-01	2.953868313675678e-01
104000	-8.177642499002897e+03	1.261456327243667e+00	2.115826649790231e-01	2.365831032820585e-01	2.371571350720454e-01	3.146770966668731e-01
105000	-8.187759634464314e+03	1.248807922282835e+00	2.064528879806855e-01	2.365831032820585e-01	2.668584863225509e-01	2.901055224147053e-01
106000	-8.172146529140657e+03	1.198874326740745e+00	2.016260966551614e-01	2.400806508090365e-01	2.483164860428911e-01	3.099767664929109e-01
107000	-8.161878959007196e+03	1.177356733987910e+00	2.068373902132440e-01	2.288136719682507e-01	2.506668584900883e-01	3.136820793284171e-01
108000	-8.158883582171889e+03	1.225288628639931e+00	1.976698425818209e-01	2.636215363855005e-01	2.537777554149535e-01	2.849308656177252e-01
109000	-8.167910148663897e+03	1.276132174743581e+00	2.025758550796311e-01	2.581849690812740e-01	2.318138959540762e-01	3.074252798850187e-01
110000	-8.164442844053273e+03	1.237382614362267e+00	1.964487371195973e-01	2.553697760972360e-01	2.394147638870509e-01	3.087667228961160e-01
111000	-8.158942955454971e+03	1.224999274878387e+00	2.108052027583017e-01	2.487418539300800e-01	2.557677284581647e-01	2.846852148534535e-01
112000	-8.162418156727140e+03	1.225171365834193e+00	1.994122416618947e-01	2.492386365199415e-01	2.456092953265123e-01	3.057398264916517e-01
113000	-8.186249827793845e+03	1.200521359448316e+00	2.007401677287446e-01	2.482565845908799e-01	2.600741216821752e-01	2.909291259982003e-01
114000	-8.180992197526097e+03	1.257148986774502e+00	2.225751201615540e-01	2.369350727014659e-01	2.436684622858257e-01	2.968213448511543e-01
115000	-8.166639344187351e+03	1.262982426743704e+00	1.827551299906997e-01	2.634731430106137e-01	2.523868841381235e-01	3.013848428605632e-01
116000	-8.147206172919391e+03	1.208354413731367e+00	1.981884357677463e-01	2.390622920759601e-01	2.425930907787032e-01	3.201561813775904e-01
117000	-8.166126893600721e+03	1.220553405629214e+00	1.928583560063245e-01	2.377440239760787e-01	2.710836112978562e-01	2.983140087197406e-01
118000	-8.180542112929577e+03	1.267030726058380e+00	2.031458180303482e-01	2.369406149368573e-01	2.628421265906747e-01	2.970714404421198e-01
119000	-8.161623081038174e+03	1.165696645885192e+00	2.015859583579789e-01	2.272810477421011e-01	2.666406150988271e-01	3.044923788010930e-01
120000	-8.157704414746770e+03	1.215776406231790e+00	2.062240259941775e-01	2.510497544126801e-01	2.457703669254175e-01	2.969558526677249e-01
121000	-8.153099452907411e+03	1.159607168767152e+00	2.020086639769757e-01	2.448111927966702e-01	2.411234050659203e-01	3.120567381604337e-01
122000	-8.173441213486450e+03	1.213711351895882e+00	2.056774620744180e-01	2.494177535420836e-01	2.432134016591281e-01	3.016913827243702e-01
123000	-8.174843268549247e+03	1.200540253524894e+00	2.054815705220283e-01	2.496136450944733e-01	2.432134016591281e-01	3.016913827243702e-01
124000	-8.182164948422675e+03	1.203014437926578e+00	1.928199515261154e-01	2.528324301515498e-01	2.473416336968790e-01	3.070059846254558e-01
125000	-8.187542953235033e+03	1.189763714028429e+00	2.127221584186016e-01	2.498603387054402e-01	2.415245510701597e-01	2.958929518057984e-01
126000	-8.186786131945676e+03	1.225517716921473e+00	2.008791786138602e-01	2.498603387054402e-01	2.467784879463527e-01	3.024819947343468e-01
127000	-8.168141015070662e+03	1.145483546362558e+00	2.040606255134413e-01	2.591550585569957e-01	2.359460404748943e-01	3.008382754546686e-01
128000	-8.157280658814554e+03	1.189340568423896e+00	2.113920790211292e-01	2.622100360779653e-01	2.475130530493762e-01	2.788848318515292e-01
129000	-8.162725675584227e+03	1.205078160143429e+00	2.002159427874251e-01	2.510819856942288e-01	2.484570245718748e-01	3.002450469464713e-01
130000	-8.165745368751683e+03	1.194538716913783e+00	2.004846208453113e-01	2.499097038903610e-01	2.498729691437762e-01	2.997327061205514e-01
131000	-8.188523513646844e+03	1.271078217557878e+00	2.097246421472284e-01	2.369882958519338e-01	2.621075541426654e-01	2.911795078581723e-01
132000	-8.169292572291752e+03	1.194352677083618e+00	1.782114402345851e-01	2.707187317016667e-01	2.518818450762263e-01	2.991879829875219e-01
133000	-8.158898393064477e+03	1.208387612652913e+00	2.095399302846788e-01	2.506634540652255e-01	2.518272223949256e-01	2.879693932551701e-01
134000	-8.203403520684655e+03	1.336049019573063e+00	1.914012541486466e-01	2.455755158565373e-01	2.413545085085935e-01	3.216687214862226e-01
135000	-8.158419320833771e+03	1.192278533693355e+00	2.005937624341738e-01	2.452177259021414e-01	2.581874166081514e-01	2.960010950555335e-01
136000	-8.168160197427748e+03	1.236732793491492e+00	2.005937624341738e-01	2.452177259021414e-01	2.581874166081514e-01	2.960010950555335e-01
137000	-8.166128314298348e+03	1.226322848301159e+00	1.859004757639814e-01	2.696664468402088e-01	2.453979733947251e-01	2.990351040010846e-01
138000	-8.175463415708448e+03	1.273133557981666e+00	1.985119515234921e-01	2.465560018880904e-01	2.463489855212351e-01	3.085830610671825e-01
139000	-8.156272177473576e+03	1.247944679710443e+00	1.894783935977125e-01	2.397386801324280e-01	2.590212827958699e-01	3.117616434739896e-01
140000	-8.167313205362323e+03	1.217786976366275e+00	2.048910391666880e-01	2.444604857634898e-01	2.568960831719274e-01	2.937523918978945e-01
141000	-8.186355059589483e+03	1.225249837582224e+00	1.864026427355537e-01	2.569043645308018e-01	2.553266638966639e-01	3.013663288369805e-01
142000	-8.178905274862454e+03	1.278445309185373e+00	1.919222531364257e-01	2.510859733062584e-01	2.429461807655414e-01	3.140455927917747e-01
143000	-8.174122025056937e+03	1.265045732145807e+00	1.959170015981383e-01	2.470912248445457e-01	2.472687154733872e-01	3.097230580839288e-01
144000	-8.170844347906584e+03	1.252492365267526e+00	1.983175447656749e-01	2.526503590690573e-01	2.451776667433145e-01	3.038544294219532e-01
145000	-8.183891396985738e+03	1.207456876987624e+00	2.155205481843656e-01	2.424379667171695e-01	2.315283774397379e-01	3.105131076587269e-01
146000	-8.175970751011153e+03	1.178647505608884e+00	2.062609826782798e-01	2.507644027609212e-01	2.336539316563124e-01	3.093206829044867e-01
147000	-8.157681926767268e+03	1.195027843554955e+00	2.026623492777160e-01	2.429358110110062e-01	2.555505682782389e-01	2.988512714330389e-01
148000	-8.193502485956031e+03	1.262315728264743e+00	2.026623492777160e-01	2.429358110110062e-01	2.555505682782389e-01	2.988512714330389e-01
149000	-8.179090463109984e+03	1.172296493882261e+00	2.137298238378445e-01	2.551731064763598e-01	2.402760745134614e-01	2.908209951723342e-01
150000	-8.186742641407532e+03	1.254504042070734e+00	2.073220380756284e-01	2.548619583467732e-01	2.396446403150725e-01	2.981713632625259e-01
151000	-8.176412255441123e+03	1.258499660460554e+00	1.965744678877148e-01	2.528899497117451e-01	2.546200315109193e-01	2.959155508896207e-01
152000	-8.193895925621771e+03	1.256014053965391e+00	1.933452719518045e-01	2.472614192608115e-01	2.660557375831947e-01	2.933375712041892e-01
153000	-8.174522668898060e+03	1.200071844538704e+00	1.833731847664130e-01	2.437904102188017e-01	2.592800263177672e-01	3.135563786970180e-01
154000	-8.173868120482482e+03	1.210282395310920e+00	2.090039574826112e-01	2.303955900974137e-01	2.466621686573230e-01	3.139382837626524e-01
155000	-8.164017406035062e+03	1.177409321847276e+00	2.061640143774122e-01	2.496044859542594e-01	2.398848319282058e-01	3.043466677401226e-01
156000	-8.155602973535251e+03	1.235048965434113e+00	2.106304132137614e-01	2.395467895581526e-01	2.402089517264528e-01	3.096138455016333e-01
157000	-8.143903043071447e+03	1.179554108698860e+00	1.937394918036705e-01	2.560071200933052e-01	2.565537267658617e-01	2.936996613371627e-01
158000	-8.164935872050328e+03	1.204025497017222e+00	2.093749516416503e-01	2.408881146480445e-01	2.319320938816871e-01	3.178048398286180e-01
159000	-8.175511810263350e+03	1.240002943684988e+00	2.128388885084217e-01	2.407047814935036e-01	2.450683515202007e-01	3.013879784778740e-01
160000	-8.180792505276097e+03	1.246582116264643e+00	2.046476657426499e-01	2.405322457454480e-01	2.481807585702343e-01	3.066393299416679e-01
161000	-8.162602024824786e+03	1.241386011410266e+00	1.992171933937981e-01	2.459160530167218e-01	2.508784775387042e-01	3.039882760507759e-01
162000	-8.155589791127685e+03	1.186256211260108e+00	1.992171933937981e-01	2.459160530167218e-01	2.508784775387042e-01	3.039882760507759e-01
163000	-8.184848140058357e+03	1.269081955966889e+00	2.006992393547967e-01	2.326810479450442e-01	2.540211749717800e-01	3.125985377283791e-01
164000	-8.173900069722522e+03	1.140347832142079e+00	1.811503169390516e-01	2.521188253084455e-01	2.599899508309518e-01	3.067409069215512e-01
165000	-8.171944821782009e+03	1.219330413716111e+00	1.897045893200021e-01	2.521188253084455e-01	2.514356784500013e-01	3.067409069215512e-01
166000	-8.161355096955778e+03	1.239647590809030e+00	2.014171397525287e-01	2.458158188427476e-01	2.436101942840328e-01	3.091568471206908e-01
167000	-8.155152854861342e+03	1.231154399435429e+00	2.063762308447831e-01	2.492384261747539e-01	2.527784602411046e-01	2.916068827393586e-01
168000	-8.158678838551698e+03	1.215445195271795e+00	2.023895656865925e-01	2.557852188388588e-01	2.579648873230843e-01	2.838603281514644e-01
169000	-8.164062706272412e+03	1.205385621436506e+00	1.995868166017019e-01	2.514179457333672e-01	2.548426254044790e-01	2.941526122604518e-01
170000	-8.161172535658865e+03	1.170980310088885e+00	1.903090831561967e-01	2.649179605516657e-01	2.452320020087554e-01	2.995409542833822e-01
171000	-8.186607592182507e+03	1.284777483357328e+00	2.068742819700633e-01	2.500991066646603e-01	2.411038970584093e-01	3.019227143068670e-01
172000	-8.170960541126842e+03	1.225348021612694e+00	1.908198157990588e-01	2.389142486643780e-01	2.597418201772876e-01	3.105241153592755e-01
173000	-8.186619092284057e+03	1.255765302091080e+00	1.930546086509592e-01	2.357091363003778e-01	2.398926592862750e-01	3.313435957623880e-01
174000	-8.211795520928352e+03	1.244382847595144e+00	1.896771042733692e-01	2.492642911577265e-01	2.334428221908080e-01	3.276157823780963e-01
175000	-8.189015986694567e+03	1.271421885277903e+00	1.982128284764392e-01	2.469520784490360e-01	2.647554044357677e-01	2.900796886387569e-01
176000	-8.188650054996239e+03	1.213299327308975e+00	1.822126268971216e-01	2.490880438251874e-01	2.672268226902390e-01	3.014725065874519e-01
177000	-8.184133734777514e+03	1.275052670915440e+00	1.980044954940681e-01	2.492158378250556e-01	2.548120639769482e-01	2.979676027039281e-01
178000	-8.171625011195288e+03	1.219239860268164e+00	2.115641313674342e-01	2.461503354044141e-01	2.484262836110968e-01	2.938592496170548e-01
179000	-8.162279298859105e+03	1.235321983407621e+00	2.115641313674342e-01	2.461503354044141e-01	2.484262836110968e-01	2.938592496170548e-01
180000	-8.182757812634433e+03	1.236315779666017e+00	1.904829160892829e-01	2.661208098265239e-01	2.581488557070030e-01	2.852474183771903e-01
181000	-8.171525723259493e+03	1.291577498267177e+00	2.100802800832025e-01	2.455650339302427e-01	2.438176561760061e-01	3.005370298105486e-01
182000	-8.167553879039615e+03	1.221717657589193e+00	2.122488305862479e-01	2.464991588505998e-01	2.479775210999492e-01	2.932744894632029e-01
183000	-8.164660605087872e+03	1.163318260861311e+00	2.001369300569393e-01	2.461417269658779e-01	2.370538944915813e-01	3.166674484856016e-01
184000	-8.183628871863590e+03	1.275912992857817e+00	2.067333485570316e-01	2.364722463828005e-01	2.560346347755802e-01	3.007597702845876e-01
185000	-8.186965552610844e+03	1.244532440588819e+00	2.172243421137847e-01	2.532932114094323e-01	2.366450734475683e-01	2.928373730292147e-01
186000	-8.180172978524713e+03	1.266398512845885e+00	1.970663126697109e-01	2.482881678369189e-01	2.637919858494377e-01	2.908535336439323e-01
187000	-8.198930661354310e+03	1.378827655917178e+00	1.967446388105406e-01	2.608807960094806e-01	2.442851062069400e-01	2.980894589730389e-01
188000	-8.158852649926976e+03	1.234200748039338e+00	2.069010839605450e-01	2.400164452687641e-01	2.561769990874293e-01	2.969054716832615e-01
189000	-8.147508368104817e+03	1.208307164165020e+00	2.102641162609115e-01	2.637125755452497e-01	2.294138259363943e-01	2.966094822574445e-01
190000	-8.158722331011116e+03	1.227208779457602e+00	2.039057333037127e-01	2.514696805344834e-01	2.354023707263093e-01	3.092222154354945e-01
191000	-8.150090098157718e+03	1.274207728492658e+00	2.077964954524086e-01	2.634579698139261e-01	2.450096187937801e-01	2.837359159398852e-01
192000	-8.144431516575670e+03	1.216272813032768e+00	2.129644615947831e-01	2.445749725146647e-01	2.446194149886050e-01	2.978411509019472e-01
193000	-8.177863995865160e+03	1.248440446823235e+00	1.954064730760066e-01	2.519490124303567e-01	2.518368011740587e-01	3.008077133195779e-01
194000	-8.191969673415626e+03	1.243717779100290e+00	2.157697411082140e-01	2.311446265981341e-01	2.645927156807408e-01	2.884929166129112e-01
195000	-8.191687990231339e+03	1.246286934550062e+00	2.130086501683566e-01	2.505120897136182e-01	2.462211421054657e-01	2.902581180125595e-01
196000	-8.179142999745767e+03	1.185518979323436e+00	2.008706157539237e-01	2.505120897136182e-01	2.462211421054657e-01	3.023961524269924e-01
197000	-8.187669025425183e+03	1.232888029647600e+00	1.999425452434514e-01	2.504701547691851e-01	2.421896375991959e-01	3.073976623881677e-01
198000	-8.170265813470402e+03	1.177755262984613e+00	2.085206727117635e-01	2.435178590520103e-01	2.475005951080443e-01	3.004608731281818e-01
199000	-8.178687079220097e+03	1.209176550599596e+00	1.962916663033692e-01	2.374182507504201e-01	2.655530157366436e-01	3.007370672095669e-01
200000	-8.166497948575301e+03	1.202804661670547e+00	2.093368062560091e-01	2.437297587121893e-01	2.469010182876125e-01	3.000324167441890e-01
201000	-8.168911521420978e+03	1.276292697445693e+00	1.971891527146123e-01	2.500314319900305e-01	2.406504172684633e-01	3.121289980268939e-01
202000	-8.177816182850587e+03	1.189793682963412e+00	2.039323328011292e-01	2.531198233493198e-01	2.313576944304530e-01	3.115901494190981e-01
203000	-8.169447451827135e+03	1.195311754913965e+00	2.112672314112708e-01	2.454098978825584e-01	2.366605869061165e-01	3.066622838000543e-01
204000	-8.188361162301607e+03	1.274511042674047e+00	2.106368158609616e-01	2.497230781695585e-01	2.492163405742445e-01	2.904237653952354e-01
205000	-8.183509449581203e+03	1.226715527892724e+00	2.106368158609616e-01	2.497230781695585e-01	2.495236757634463e-01	2.901164302060336e-01
206000	-8.165724262023859e+03	1.172077120084396e+00	1.917383556102875e-01	2.553759992872869e-01	2.612694755240905e-01	2.916161695783351e-01
207000	-8.185471899701664e+03	1.271913067347246e+00	1.909332446841596e-01	2.613145726817304e-01	2.446031179083946e-01	3.031490647257155e-01
208000	-8.178618338450457e+03	1.234160714104417e+00	1.979161769745063e-01	2.600641277694246e-01	2.394207586441235e-01	3.025989366119456e-01
209000	-8.175964804906263e+03	1.185974312197489e+00	2.050467165542982e-01	2.397060495893780e-01	2.489874459714886e-01	3.062597878848353e-01
210000	-8.163066296365006e+03	1.276994911253176e+00	1.988203924519411e-01	2.577223478008900e-01	2.467566004877853e-01	2.967006592593836e-01
211000	-8.142645797668358e+03	1.214002354423481e+00	1.909638242700654e-01	2.597875131964499e-01	2.518691430551120e-01	2.973795194783726e-01
212000	-8.148342604349890e+03	1.209775298161738e+00	2.042354421272341e-01	2.533552389019660e-01	2.411182773829488e-01	3.012910415878509e-01
213000	-8.150923788393630e+03	1.238873512220916e+00	1.997247564494363e-01	2.602331940505791e-01	2.415284675985533e-01	2.985135819014314e-01
214000	-8.159391997754703e+03	1.193942152282419e+00	1.862900043864915e-01	2.604303130948911e-01	2.335255595369167e-01	3.197541229817008e-01
215000	-8.159649942861472e+03	1.247322861211487e+00	1.999671055414431e-01	2.517462688374594e-01	2.552471461781078e-01	2.930394794429896e-01
216000	-8.183690145388286e+03	1.291897522088350e+00	1.983645974083415e-01	2.576318199644364e-01	2.351360144393629e-01	3.088675681878592e-01
217000	-8.165278914879535e+03	1.198069592255438e+00	2.075177015680615e-01	2.621381561069858e-01	2.306361965789784e-01	2.997079457459744e-01
218000	-8.161964298480344e+03	1.220611570713505e+00	2.039371497159955e-01	2.395064886772129e-01	2.520552251818381e-01	3.045011364249534e-01
219000	-8.162446702572983e+03	1.220348343157896e+00	2.132625923401232e-01	2.423594634394478e-01	2.400636433424783e-01	3.043143008779507e-01
220000	-8.149296472034003e+03	1.223147850587640e+00	1.931910018262397e-01	2.489950455068501e-01	2.645691711508465e-01	2.932447815160638e-01
221000	-8.151817347291969e+03	1.211770129705204e+00	2.056259068015798e-01	2.445970121482736e-01	2.587846804339568e-01	2.909924006161898e-01
222000	-8.177127775242652e+03	1.233217720129140e+00	2.015207158076456e-01	2.662546758316676e-01	2.443967863594267e-01	2.878278220012602e-01
223000	-8.169616336796172e+03	1.236054280384830e+00	1.936925099982645e-01	2.498384717734177e-01	2.478048242620600e-01	3.086641939662578e-01
224000	-8.144746022519643e+03	1.185804186107809e+00	2.009195864745170e-01	2.511878492993274e-01	2.559745486991373e-01	2.919180155270183e-01
225000	-8.176560809131170e+03	1.178542339271855e+00	2.136558041807338e-01	2.384516315931105e-01	2.559745486991373e-01	2.919180155270183e-01
226000	-8.175486695980332e+03	1.198288647603395e+00	2.136558041807338e-01	2.384516315931105e-01	2.430134236035464e-01	3.048791406226092e-01
227000	-8.153497280034813e+03	1.164113273567524e+00	2.136558041807338e-01	2.376814275631115e-01	2.437836276335454e-01	3.048791406226092e-01
228000	-8.160618543577825e+03	1.229219896671900e+00	1.970991722114962e-01	2.463920764495039e-01	2.536378127536714e-01	3.028709385853283e-01
229000	-8.157906005030159e+03	1.207949391094699e+00	2.033669499092620e-01	2.405417000473545e-01	2.517106329779644e-01	3.043807170654192e-01
230000	-8.180920300308139e+03	1.249492449930887e+00	2.065276690455522e-01	2.432585178984552e-01	2.440957494769887e-01	3.061180635790039e-01
231000	-8.156899400889632e+03	1.187800313662407e+00	1.985525968739006e-01	2.572139477800512e-01	2.424868918684049e-01	3.017465634776433e-01
232000	-8.143180042878594e+03	1.213192606432449e+00	2.070980320492266e-01	2.473047353679393e-01	2.443688909899606e-01	3.012283415928735e-01
233000	-8.159891993305520e+03	1.205044346189100e+00	2.091391962688185e-01	2.449201580325586e-01	2.445088852978385e-01	3.014317604007843e-01
234000	-8.169170905801717e+03	1.270044203295983e+00	1.913173044857168e-01	2.442412438232315e-01	2.575567748067814e-01	3.068846768842704e-01
235000	-8.154030958403059e+03	1.224692502714266e+00	1.987228308023643e-01	2.673027836233212e-01	2.490279362426198e-01	2.849464493316947e-01
236000	-8.154212339192737e+03	1.223425242899312e+00	2.069360536690757e-01	2.342601709278798e-01	2.470647252857230e-01	3.117390501173214e-01
237000	-8.163684629441056e+03	1.223968168915414e+00	2.094579190840479e-01	2.459450996897947e-01	2.391767638920364e-01	3.054202173341208e-01
238000	-8.173400877497279e+03	1.186269460380586e+00	2.187429428460728e-01	2.469138213237479e-01	2.453480093107889e-01	2.889952265193902e-01
239000	-8.163489777030387e+03	1.197576750493404e+00	2.086407511219133e-01	2.432116354493437e-01	2.484167430725064e-01	2.997308703562367e-01
240000	-8.171587090736814e+03	1.281036315035524e+00	2.000701105027898e-01	2.472284859905493e-01	2.429988514064055e-01	3.097025521002553e-01
241000	-8.177203764888766e+03	1.236776111740654e+00	1.921763759831815e-01	2.579961158461913e-01	2.531349711258486e-01	2.966925370447787e-01
242000	-8.143158269994464e+03	1.176773366707706e+00	2.050549398881505e-01	2.433392388316817e-01	2.596119955666260e-01	2.919938257135418e-01
243000	-8.178661899500461e+03	1.279122516035510e+00	1.964654067542778e-01	2.573611940703877e-01	2.523756049367760e-01	2.937977942385586e-01
244000	-8.159705014779399e+03	1.186772388200523e+00	2.079272921437562e-01	2.388186284053761e-01	2.526302832589141e-01	3.006237961919537e-01
245000	-8.170774618089930e+03	1.232758861468321e+00	1.959005428862156e-01	2.501181690183877e-01	2.586982691806884e-01	2.952830189147082e-01
246000	-8.163445022023549e+03	1.246767972157708e+00	2.027497923314621e-01	2.578389061555018e-01	2.346805451059396e-01	3.047307564070964e-01
247000	-8.181720814066320e+03	1.264653202813166e+00	2.093711616372932e-01	2.473473140812573e-01	2.410140017122741e-01	3.022675225691753e-01
248000	-8.173593669602025e+03	1.229207629201271e+00	2.034945572297688e-01	2.545606065662810e-01	2.461550079861765e-01	2.957898282177737e-01
249000	-8.152702201566010e+03	1.191200263004444e+00	1.922824203719639e-01	2.482097880465814e-01	2.485533725465272e-01	3.109544190349274e-01
250000	-8.160271872287854e+03	1.217468880628484e+00	2.068371732012898e-01	2.566695748208724e-01	2.485533725465272e-01	2.879398794313104e-01
251000	-8.157160183423582e+03	1.181500645813117e+00	2.145215830754817e-01	2.506089272571285e-01	2.462813476918561e-01	2.885881419755337e-01
252000	-8.153966264735885e+03	1.205215219133083e+00	2.081903393220927e-01	2.506089272571285e-01	2.462813476918561e-01	2.949193857289227e-01
253000	-8.165839563513983e+03	1.215309931602245e+00	1.833877434649048e-01	2.427223360221299e-01	2.595761677334539e-01	3.143137527795115e-01
254000	-8.187904035584241e+03	1.232463406240875e+00	1.989011287459751e-01	2.326023756427778e-01	2.478890408838721e-01	3.206074547273750e-01
255000	-8.183753971255833e+03	1.247735965862619e+00	1.926081080745268e-01	2.528210498706803e-01	2.649148471452284e-01	2.896559949095646e-01
256000	-8.165750516140458e+03	1.204970084360785e+00	1.999222075777124e-01	2.608392756424044e-01	2.401374059552446e-01	2.991011108246387e-01
257000	-8.171229825808012e+03	1.165847921755639e+00	1.993420468486670e-01	2.396873898464761e-01	2.450831923856660e-01	3.158873709191909e-01
258000	-8.159288026411962e+03	1.174604079980526e+00	1.864786025492370e-01	2.550784985547865e-01	2.563125348294367e-01	3.021303640665398e-01
259000	-8.189576890768029e+03	1.251163166145971e+00	1.965552483109267e-01	2.601797420067763e-01	2.500594098965900e-01	2.932055997857070e-01
260000	-8.176871166346927e+03	1.240214275557062e+00	2.068027154097268e-01	2.521834832066648e-01	2.362486933605113e-01	3.047651080230971e-01
261000	-8.156770012811446e+03	1.229179925222182e+00	1.898300103725005e-01	2.627283090479416e-01	2.380105561046652e-01	3.094311244748927e-01
262000	-8.158236217110689e+03	1.190237792370074e+00	2.056179465147525e-01	2.519398898028304e-01	2.492486236180931e-01	2.931935400643241e-01
263000	-8.149929356929721e+03	1.204299429018123e+00	2.017225060490599e-01	2.445352757815334e-01	2.649601649260214e-01	2.887820532433854e-01
264000	-8.165766559655270e+03	1.255466456614343e+00	2.018865952314789e-01	2.501902956969160e-01	2.418893031676694e-01	3.060338059039357e-01
265000	-8.131376178921933e+03	1.195299847155825e+00	2.018865952314789e-01	2.501902956969160e-01	2.418893031676694e-01	3.060338059039357e-01
266000	-8.143964331887801e+03	1.200424208599233e+00	2.072345711162336e-01	2.459545829806553e-01	2.571012561582444e-01	2.897095897448667e-01
267000	-8.155902917400281e+03	1.229171131236333e+00	1.842963713039767e-01	2.484455455058996e-01	2.634897559994029e-01	3.037683271907208e-01
268000	-8.156507702287360e+03	1.232016226255462e+00	1.916357404924224e-01	2.500522808394011e-01	2.607757778324293e-01	2.975362008357473e-01
269000	-8.155991658159261e+03	1.206258515205867e+00	2.039237266201186e-01	2.367660989170035e-01	2.505884265283945e-01	3.087217479344833e-01
270000	-8.154340797420738e+03	1.182777459207743e+00	1.948552191983140e-01	2.503228419814522e-01	2.590510865063029e-01	2.957708523139309e-01
271000	-8.151199610842059e+03	1.187887541252977e+00	1.947605065047186e-01	2.480974806204639e-01	2.613711605608866e-01	2.957708523139309e-01
272000	-8.147533361287087e+03	1.201983924045400e+00	2.028016695369093e-01	2.546456687175843e-01	2.520374911263640e-01	2.905151706191423e-01
273000	-8.165881199361703e+03	1.255859213449035e+00	2.118972373710570e-01	2.687096531882102e-01	2.350082709303203e-01	2.843848385104125e-01
274000	-8.169360786812530e+03	1.266533992534785e+00	1.962975630564064e-01	2.414296456303873e-01	2.651201544655161e-01	2.971526368476901e-01
275000	-8.149424837598173e+03	1.214798711390921e+00	2.131224417250603e-01	2.622220595079612e-01	2.417417734914269e-01	2.829137252755516e-01
276000	-8.152187785392473e+03	1.139247705518086e+00	2.016263842000582e-01	2.457368656833210e-01	2.513898488616536e-01	3.012469012549672e-01
277000	-8.180381318441559e+03	1.256881717446167e+00	2.042061985285360e-01	2.553339888802065e-01	2.539502226598709e-01	2.865095899313866e-01
278000	-8.162085201902898e+03	1.234166421402909e+00	1.981072641600717e-01	2.511041301509994e-01	2.502021169637436e-01	3.005864887251854e-01
279000	-8.195692071186944e+03	1.237347391034028e+00	1.942615398206300e-01	2.575055621463833e-01	2.315888366278726e-01	3.166440614051141e-01
280000	-8.194165909075509e+03	1.254261340471109e+00	2.083529635464511e-01	2.490754411256932e-01	2.409604419641757e-01	3.016111533636799e-01
281000	-8.179274593989769e+03	1.165641912180302e+00	2.004284895940568e-01	2.425509386289295e-01	2.554094184133336e-01	3.016111533636799e-01
282000	-8.174024365104590e+03	1.208771160960113e+00	2.113236437002576e-01	2.352104168503628e-01	2.506668226775651e-01	3.027991167718145e-01
283000	-8.174520067725110e+03	1.224601964391369e+00	2.026993635742368e-01	2.443431172365339e-01	2.506401573023515e-01	3.023173618868778e-01
284000	-8.162026967538471e+03	1.202090424661377e+00	2.033329898069194e-01	2.512307476135199e-01	2.485842806392325e-01	2.968519819403281e-01
285000	-8.171241847711748e+03	1.206017104521297e+00	1.922121997433549e-01	2.436426838817835e-01	2.561637279864671e-01	3.079813883883945e-01
