[ID: 6102631599]
Gen	LnL	TL	pi(A)	pi(C)	pi(G)	pi(T)
0	-1.866038669915289e+04	2.249999999999996e+00	2.500000000000000e-01	2.500000000000000e-01	2.500000000000000e-01	2.500000000000000e-01
1000	-1.306903471994480e+04	1.787175665830172e+00	1.975679972115196e-01	2.539475869488441e-01	2.314955957965968e-01	3.169888200430394e-01
2000	-1.132169843572027e+04	1.544489628981513e+00	1.998019556714738e-01	2.441002137252334e-01	2.544404064512389e-01	3.016574241520539e-01
3000	-9.978213955236577e+03	1.142652647157455e+00	1.871501918086541e-01	2.556303706829706e-01	2.602530021388858e-01	2.969664353694895e-01
4000	-9.444214927232593e+03	1.358246298021558e+00	1.898208621390463e-01	2.532463877486792e-01	2.509119055894740e-01	3.060208445228005e-01
5000	-8.959120937449688e+03	1.168427751146268e+00	2.065278095686371e-01	2.476146711639330e-01	2.526994982654009e-01	2.931580210020289e-01
6000	-8.715312258179369e+03	1.189443300753370e+00	2.119007730163358e-01	2.484044403070076e-01	2.465367656746278e-01	2.931580210020289e-01
7000	-8.598354625458383e+03	1.214915056727400e+00	2.051748827294667e-01	2.399883511262795e-01	2.629020799530399e-01	2.919346861912139e-01
8000	-8.478132501794737e+03	1.304389653769572e+00	2.051748827294667e-01	2.522076744374468e-01	2.485069633449052e-01	2.941104794881813e-01
9000	-8.386146171105089e+03	1.272256402144147e+00	1.921588480993159e-01	2.565865170231080e-01	2.444217353238256e-01	3.068328995537505e-01
10000	-8.335295030630767e+03	1.248051905768140e+00	1.924856261134786e-01	2.447180319129211e-01	2.532752909680563e-01	3.095210510055441e-01
11000	-8.297158461722993e+03	1.151376246628235e+00	1.904846057065135e-01	2.519734406549634e-01	2.456992378992324e-01	3.118427157392908e-01
12000	-8.255279946929551e+03	1.217926158054873e+00	2.026752916891894e-01	2.375232343258483e-01	2.560074623366362e-01	3.037940116483260e-01
13000	-8.259318057279352e+03	1.281744389130945e+00	2.057827657723933e-01	2.395710081737146e-01	2.560074623366362e-01	2.986387637172560e-01
14000	-8.241354323862783e+03	1.253316199861099e+00	2.057827657723933e-01	2.395710081737146e-01	2.560074623366362e-01	2.986387637172560e-01
15000	-8.226659296253909e+03	1.199186037298690e+00	2.007180368913085e-01	2.488256510974747e-01	2.582731709575129e-01	2.921831410537040e-01
16000	-8.212131601052653e+03	1.220608341675863e+00	2.007180368913085e-01	2.487899750890454e-01	2.582731709575129e-01	2.922188170621333e-01
17000	-8.203595060735095e+03	1.260092159684857e+00	1.956682782246038e-01	2.618336728053867e-01	2.403467596556998e-01	3.021512893143097e-01
18000	-8.191598371983216e+03	1.242410220623346e+00	1.920217292326103e-01	2.552429395774544e-01	2.578909824370371e-01	2.948443487528982e-01
19000	-8.194806534639747e+03	1.212647610092141e+00	1.796284488524072e-01	2.544396514088806e-01	2.456732463537017e-01	3.202586533850106e-01
20000	-8.179606287769486e+03	1.192138915797357e+00	2.105910116891245e-01	2.386311175128721e-01	2.483066827919956e-01	3.024711880060079e-01
21000	-8.196791098842756e+03	1.269357984014713e+00	1.982444793549022e-01	2.546890887366102e-01	2.528459342650690e-01	2.942204976434186e-01
22000	-8.192624858314939e+03	1.231419385836934e+00	2.041856747098306e-01	2.433812172242405e-01	2.573708881757800e-01	2.950622198901490e-01
23000	-8.211454406405948e+03	1.309653773765517e+00	2.129186321880751e-01	2.416524573049333e-01	2.479567655917534e-01	2.974721449152382e-01
24000	-8.186914412128783e+03	1.239693531141633e+00	1.951529611860129e-01	2.482825443896831e-01	2.523939201663338e-01	3.041705742579701e-01
25000	-8.191432170346398e+03	1.217011763292891e+00	1.987262844123119e-01	2.482825443896831e-01	2.488205969400349e-01	3.041705742579701e-01
26000	-8.193262697278155e+03	1.237591912931447e+00	1.987262844123119e-01	2.659107873161210e-01	2.488205969400349e-01	2.865423313315322e-01
27000	-8.193344509878532e+03	1.199460109266794e+00	1.944170317773553e-01	2.574898601053170e-01	2.404051929525992e-01	3.076879151647284e-01
28000	-8.201036213655951e+03	1.222536526908028e+00	1.870548549201554e-01	2.580790265400967e-01	2.478857410571069e-01	3.069803774826410e-01
29000	-8.183043750066510e+03	1.191630736025750e+00	1.996646295226190e-01	2.541317568986222e-01	2.430514830555373e-01	3.031521305232214e-01
30000	-8.203885755445655e+03	1.214797573081295e+00	1.919142374416336e-01	2.737403594415321e-01	2.411941413257456e-01	2.931512617910888e-01
31000	-8.184918301376430e+03	1.213276920647431e+00	2.005429091321852e-01	2.461470833538764e-01	2.488022051895682e-01	3.045078023243702e-01
32000	-8.197593927899448e+03	1.227439511848037e+00	1.973845284036260e-01	2.449386961233309e-01	2.574939497871984e-01	3.001828256858447e-01
33000	-8.190085285138835e+03	1.247780938715047e+00	1.945723920188069e-01	2.395995924117813e-01	2.557460592074272e-01	3.100819563619847e-01
34000	-8.191857365897021e+03	1.217833767847016e+00	2.026442337792668e-01	2.434671842867296e-01	2.520023144499166e-01	3.018862674840871e-01
35000	-8.191316888258497e+03	1.190769818728892e+00	1.985049631567994e-01	2.541867030149437e-01	2.605071466009508e-01	2.868011872273061e-01
36000	-8.186662403599980e+03	1.250999525541473e+00	1.885511416058177e-01	2.536980417413007e-01	2.646620862832616e-01	2.930887303696199e-01
37000	-8.172169907825603e+03	1.165334779658416e+00	2.012285450185428e-01	2.400185033330345e-01	2.615330226550891e-01	2.972199289933337e-01
38000	-8.207398889594730e+03	1.243430995273825e+00	2.044932904597915e-01	2.522303431046841e-01	2.346442442643332e-01	3.086321221711912e-01
39000	-8.188454810845562e+03	1.196458583407763e+00	2.058116828850799e-01	2.490120016930657e-01	2.433187515951957e-01	3.018575638266588e-01
40000	-8.187446177729736e+03	1.266243888415723e+00	2.025040411110327e-01	2.463804512324031e-01	2.497592335511089e-01	3.013562741054552e-01
41000	-8.191875681449506e+03	1.293276305742116e+00	2.174646305421083e-01	2.416831409763162e-01	2.391796773704304e-01	3.016725511111450e-01
42000	-8.173613162913027e+03	1.217512678014483e+00	1.962525908634855e-01	2.577236392809857e-01	2.393245939146550e-01	3.066991759408737e-01
43000	-8.161708294858779e+03	1.201295404903789e+00	1.969822037929257e-01	2.532582211295556e-01	2.362858376508754e-01	3.134737374266432e-01
44000	-8.164433526372251e+03	1.210842860577804e+00	2.058051793245643e-01	2.622092415150771e-01	2.562731058867371e-01	2.757124732736216e-01
45000	-8.172559986185502e+03	1.264746495134150e+00	2.122195757545141e-01	2.494887897541940e-01	2.407190380858813e-01	2.975725964054104e-01
46000	-8.174861241960565e+03	1.269780837370959e+00	2.090955399789836e-01	2.494369950259551e-01	2.438948685896507e-01	2.975725964054104e-01
47000	-8.165885652999295e+03	1.204566836223920e+00	2.006666636852635e-01	2.431721152075126e-01	2.608096853450582e-01	2.953515357621657e-01
48000	-8.164301290155993e+03	1.201164552844615e+00	1.911206993163527e-01	2.606824507609996e-01	2.454717294722687e-01	3.027251204503790e-01
49000	-8.156958592332293e+03	1.194837759548636e+00	2.070961823275476e-01	2.606824507609996e-01	2.294962464610738e-01	3.027251204503790e-01
50000	-8.170136841621573e+03	1.209266434857521e+00	1.918186391119795e-01	2.593696992734805e-01	2.519125496399847e-01	2.968991119745553e-01
51000	-8.177431416669598e+03	1.233279512429840e+00	1.918844350448862e-01	2.563477683965624e-01	2.474833422257617e-01	3.042844543327896e-01
52000	-8.170194401371184e+03	1.242596530434815e+00	2.043148959826464e-01	2.527696273150681e-01	2.510614833072560e-01	2.918539933950294e-01
53000	-8.169330783157352e+03	1.247167720328336e+00	2.120964605387909e-01	2.558506036112280e-01	2.510614833072560e-01	2.809914525427250e-01
54000	-8.161456944901852e+03	1.227425604234065e+00	2.052208055988495e-01	2.472332754797744e-01	2.518662252351722e-01	2.956796936862037e-01
55000	-8.162338007974741e+03	1.157625002041899e+00	1.991574322589937e-01	2.406693284870237e-01	2.497648316571307e-01	3.104084075968520e-01
56000	-8.194995628228287e+03	1.267908157136370e+00	2.023481033686555e-01	2.429504315427903e-01	2.403387225951390e-01	3.143627424934151e-01
57000	-8.181996469817065e+03	1.231682724877650e+00	1.940254112260818e-01	2.345984971805818e-01	2.572954725026624e-01	3.140806190906740e-01
58000	-8.194797667181714e+03	1.218689148010224e+00	1.948805198564721e-01	2.505525172081197e-01	2.393633932111753e-01	3.152035697242329e-01
59000	-8.188703641206617e+03	1.193130975691950e+00	2.143174318445244e-01	2.430010669452279e-01	2.371306705582185e-01	3.055508306520293e-01
60000	-8.184499047910054e+03	1.206461803922549e+00	1.963535568244102e-01	2.549773165969458e-01	2.483027427145424e-01	3.003663838641017e-01
61000	-8.182347437963299e+03	1.211271083160190e+00	2.071010051958945e-01	2.336849063369068e-01	2.578134957902372e-01	3.014005926769615e-01
62000	-8.184269681204087e+03	1.234741290771195e+00	1.998277212386560e-01	2.603007742012456e-01	2.457237634594351e-01	2.941477411006632e-01
63000	-8.174410525292267e+03	1.233217136021203e+00	1.998277212386560e-01	2.603007742012456e-01	2.457237634594351e-01	2.941477411006632e-01
64000	-8.192617578915066e+03	1.288753277069261e+00	2.035010830720199e-01	2.504036157599468e-01	2.350782377582725e-01	3.110170634097607e-01
65000	-8.179279929188925e+03	1.240798966871962e+00	1.977231189376615e-01	2.504036157599468e-01	2.408562018926309e-01	3.110170634097607e-01
66000	-8.166217343585746e+03	1.184786580378226e+00	2.093977864570524e-01	2.432761318206075e-01	2.461776565891287e-01	3.011484251332114e-01
67000	-8.184546439259618e+03	1.272472575249624e+00	1.936544949151838e-01	2.387096787179724e-01	2.619209481309973e-01	3.057148782358465e-01
68000	-8.165397346449608e+03	1.239968730445109e+00	2.097137449966488e-01	2.508641891257575e-01	2.436673085667701e-01	2.957547573108236e-01
69000	-8.186949375901821e+03	1.247584659146865e+00	2.017432579394458e-01	2.440343676934679e-01	2.584862434897958e-01	2.957361308772905e-01
70000	-8.183624614515147e+03	1.199432508358798e+00	2.033229671816983e-01	2.524882820153434e-01	2.341713102864487e-01	3.100174405165096e-01
71000	-8.168275134089902e+03	1.236231700491298e+00	2.176322220958449e-01	2.448386065459902e-01	2.375926670308435e-01	2.999365043273216e-01
72000	-8.161744460322348e+03	1.251341343257809e+00	2.171687881533481e-01	2.508920447119086e-01	2.325736035909483e-01	2.993655635437950e-01
73000	-8.148673776258042e+03	1.222120143187311e+00	2.043674344052560e-01	2.396827432034112e-01	2.538667063040003e-01	3.020831160873325e-01
74000	-8.155843921735237e+03	1.178221942722537e+00	1.866939380769280e-01	2.596638084364528e-01	2.608715171466412e-01	2.927707363399781e-01
75000	-8.181848066953125e+03	1.216557381753641e+00	2.004491906648442e-01	2.698647368276281e-01	2.340429539013749e-01	2.956431186061529e-01
76000	-8.170637925408794e+03	1.249508098028828e+00	2.054288597067735e-01	2.410643943540629e-01	2.563057342311339e-01	2.972010117080297e-01
77000	-8.162900393364867e+03	1.203547927754757e+00	2.063841632911141e-01	2.406528756958193e-01	2.604607674584937e-01	2.925021935545730e-01
78000	-8.167577033890280e+03	1.222931375495486e+00	2.154794310244980e-01	2.491994765727407e-01	2.486007637904471e-01	2.867203286123142e-01
79000	-8.167662145865712e+03	1.206150235146800e+00	2.026067795814944e-01	2.500869001830966e-01	2.605859916230948e-01	2.867203286123142e-01
80000	-8.168570987470341e+03	1.215916014369168e+00	2.013820549515350e-01	2.400187860290594e-01	2.556410539241910e-01	3.029581050952146e-01
81000	-8.180642355730170e+03	1.263191360747421e+00	1.929320002002029e-01	2.581204809115951e-01	2.479823511504506e-01	3.009651677377514e-01
82000	-8.176681170085026e+03	1.249125742904461e+00	1.876927894021072e-01	2.483223634765314e-01	2.556263513480646e-01	3.083584957732969e-01
83000	-8.162349968535570e+03	1.225074057536490e+00	2.187965847000082e-01	2.511897492755394e-01	2.402464796582503e-01	2.897671863662020e-01
84000	-8.175614221899233e+03	1.298192886731963e+00	2.054853282082501e-01	2.645010057672975e-01	2.402464796582503e-01	2.897671863662020e-01
85000	-8.182946733095614e+03	1.253091180219372e+00	2.081941955515054e-01	2.435776285887833e-01	2.506217476235907e-01	2.976064282361204e-01
86000	-8.180214907188899e+03	1.286551203605534e+00	2.091642147327078e-01	2.410140091053413e-01	2.598724898374019e-01	2.899492863245490e-01
87000	-8.165648175289354e+03	1.204594584481898e+00	2.082621727179015e-01	2.537009440253031e-01	2.510201317456711e-01	2.870167515111243e-01
88000	-8.165358444816079e+03	1.177411999933161e+00	1.888909484931530e-01	2.462935765690610e-01	2.522898130174587e-01	3.125256619203273e-01
89000	-8.196381843873434e+03	1.282070665986574e+00	2.046218730071673e-01	2.642390191063607e-01	2.486055939118112e-01	2.825335139746608e-01
90000	-8.170343669250373e+03	1.211897795762456e+00	2.041284643124661e-01	2.514634176423552e-01	2.535616254187321e-01	2.908464926264465e-01
91000	-8.176456862735341e+03	1.230587611815210e+00	2.041284643124661e-01	2.406961470859160e-01	2.535616254187321e-01	3.016137631828857e-01
92000	-8.192111443544989e+03	1.227896173710622e+00	2.052857479470468e-01	2.378372514636954e-01	2.593297386120502e-01	2.975472619772077e-01
93000	-8.202994473939878e+03	1.238655051919616e+00	2.156317612058117e-01	2.500648407319082e-01	2.403420939387428e-01	2.939613041235373e-01
94000	-8.189494871170920e+03	1.231026360433051e+00	2.018325292103684e-01	2.342950844202121e-01	2.615065861211922e-01	3.023658002482275e-01
95000	-8.155092634842424e+03	1.206767094356438e+00	1.920774386952876e-01	2.488902438452539e-01	2.653894530113485e-01	2.936428644481099e-01
96000	-8.166412718811767e+03	1.222124764230503e+00	1.880035638115665e-01	2.604766370876046e-01	2.496053785629523e-01	3.019144205378765e-01
97000	-8.158058301683866e+03	1.194173560794467e+00	2.111646111404812e-01	2.446039181191966e-01	2.421709410700840e-01	3.020605296702382e-01
98000	-8.178935340026495e+03	1.201780172480942e+00	2.053764816543373e-01	2.505547381883145e-01	2.396903222180051e-01	3.043784579393432e-01
99000	-8.199107946500260e+03	1.278827156383938e+00	2.067352543635265e-01	2.505547381883145e-01	2.396903222180051e-01	3.030196852301540e-01
100000	-8.189440618286512e+03	1.274002516805743e+00	1.976715564928856e-01	2.380559504069357e-01	2.488259877572660e-01	3.154465053429126e-01
101000	-8.171958354957750e+03	1.220109099069548e+00	1.857704456428028e-01	2.417465604186031e-01	2.587526431687312e-01	3.137303507698629e-01
102000	-8.169605590362280e+03	1.184394574553674e+00	2.247903290932277e-01	2.593105318794042e-01	2.430105874459245e-01	2.728885515814435e-01
103000	-8.184364364492556e+03	1.277065686008571e+00	2.114380882823485e-01	2.350568294439627e-01	2.417832748907438e-01	3.117218073829451e-01
104000	-8.172888519483144e+03	1.230578823640447e+00	1.982434915823815e-01	2.335204381136408e-01	2.588510746016401e-01	3.093849957023376e-01
105000	-8.172676318178010e+03	1.231940838465903e+00	2.082582155931265e-01	2.506637742738129e-01	2.482143053886089e-01	2.928637047444517e-01
106000	-8.173762891015339e+03	1.193410646295629e+00	2.063774773211245e-01	2.484144217092152e-01	2.477710876056574e-01	2.974370133640028e-01
107000	-8.176859241831241e+03	1.191948719762175e+00	2.009534478386915e-01	2.484144217092152e-01	2.618103689712549e-01	2.888217614808384e-01
108000	-8.181132606251656e+03	1.217569182465369e+00	1.923307986634661e-01	2.659585694086017e-01	2.473124026691375e-01	2.943982292587948e-01
109000	-8.180216956408576e+03	1.169220183537994e+00	1.923307986634661e-01	2.659585694086017e-01	2.473124026691375e-01	2.943982292587948e-01
110000	-8.181123425166005e+03	1.231136319840886e+00	2.144938285051948e-01	2.344957889349560e-01	2.479138378970515e-01	3.030965446627976e-01
111000	-8.182570716527892e+03	1.227466091211650e+00	1.942179316981359e-01	2.433195714720664e-01	2.554407615657572e-01	3.070217352640405e-01
112000	-8.176518144745973e+03	1.250498438265671e+00	1.989473351071842e-01	2.616110132795284e-01	2.533643813152810e-01	2.860772702980065e-01
113000	-8.162175768312583e+03	1.196995853612749e+00	2.130826277316226e-01	2.485494785056657e-01	2.577600936556752e-01	2.806078001070368e-01
114000	-8.161995029260461e+03	1.224379093511829e+00	1.942179034206684e-01	2.441786308189000e-01	2.630762855087638e-01	2.985271802516677e-01
115000	-8.150076548457017e+03	1.263861624700449e+00	1.943028289785002e-01	2.454157217327439e-01	2.526815771140162e-01	3.075998721747398e-01
116000	-8.157718250933282e+03	1.298389383211627e+00	1.967440458663807e-01	2.618495979935048e-01	2.475834677391202e-01	2.938228884009945e-01
117000	-8.169658829958825e+03	1.225078416784579e+00	1.949742349648205e-01	2.523455671706859e-01	2.412057726934671e-01	3.114744251710266e-01
118000	-8.163845438646912e+03	1.259606639715726e+00	2.193693325350012e-01	2.466412929196211e-01	2.380164107960363e-01	2.959729637493413e-01
119000	-8.162519436058973e+03	1.239101445768767e+00	1.957440119367456e-01	2.466412929196211e-01	2.380164107960363e-01	3.195982843475970e-01
120000	-8.138719152033472e+03	1.151965366702739e+00	1.962365712580771e-01	2.432424044224491e-01	2.527608903784171e-01	3.077601339410565e-01
121000	-8.159731153690814e+03	1.234652078435584e+00	1.963347460606581e-01	2.487544250522163e-01	2.485090013678032e-01	3.064018275193224e-01
122000	-8.166599170257751e+03	1.271217133350278e+00	1.893065159959901e-01	2.519163251258801e-01	2.485090013678032e-01	3.102681575103267e-01
123000	-8.168132823992020e+03	1.250391559522248e+00	2.099160270644717e-01	2.336956496761686e-01	2.674056086933858e-01	2.889827145659741e-01
124000	-8.157496086765500e+03	1.175066391745773e+00	2.211091744358494e-01	2.415841605602962e-01	2.436903912716123e-01	2.936162737322421e-01
125000	-8.164569517324554e+03	1.169560032558393e+00	2.035540327823584e-01	2.586423332623743e-01	2.420110746457229e-01	2.957925593095446e-01
126000	-8.180535807358565e+03	1.180273209586385e+00	1.983392483659501e-01	2.538716886214804e-01	2.495830541452148e-01	2.982060088673548e-01
127000	-8.180492491197080e+03	1.289133670565101e+00	1.909053093157177e-01	2.635168401549577e-01	2.495830541452148e-01	2.959947963841098e-01
128000	-8.167874471965863e+03	1.232911139206845e+00	1.930328824791521e-01	2.564394683067270e-01	2.518352098701213e-01	2.986924393439997e-01
129000	-8.182414508617125e+03	1.239312424788234e+00	1.930328824791521e-01	2.524700794165369e-01	2.518352098701213e-01	3.026618282341897e-01
130000	-8.155645393867853e+03	1.177370276154366e+00	2.001175978639072e-01	2.517430802701721e-01	2.555342759454391e-01	2.926050459204816e-01
131000	-8.173157181529235e+03	1.238564275434279e+00	2.038024841405225e-01	2.514990655636936e-01	2.298810903236127e-01	3.148173599721712e-01
132000	-8.160190860750976e+03	1.230764663157207e+00	1.971287536968646e-01	2.431303754091300e-01	2.449235109218341e-01	3.148173599721712e-01
133000	-8.163827716245730e+03	1.217137993791265e+00	2.144285850995079e-01	2.436964319303944e-01	2.444107984844218e-01	2.974641844856759e-01
134000	-8.167556259892012e+03	1.275904046391906e+00	2.144285850995079e-01	2.376368456330366e-01	2.504703847817796e-01	2.974641844856759e-01
135000	-8.168775428511282e+03	1.283858934772714e+00	2.042557242328364e-01	2.406540854573710e-01	2.472667613753209e-01	3.078234289344717e-01
136000	-8.168574263303638e+03	1.262269170442422e+00	1.970969635513106e-01	2.620879606313221e-01	2.523994068549174e-01	2.884156689624499e-01
137000	-8.150785717852744e+03	1.209763424639967e+00	2.028736338937242e-01	2.608119227685974e-01	2.336616649341828e-01	3.026527784034956e-01
138000	-8.176847730917639e+03	1.255488912553191e+00	1.969858828235809e-01	2.478774259222910e-01	2.517592053861916e-01	3.033774858679364e-01
139000	-8.171187772113770e+03	1.204772034275922e+00	1.972878845972225e-01	2.484008712532844e-01	2.475744389154895e-01	3.067368052340038e-01
140000	-8.183702346277470e+03	1.224687222935612e+00	1.946148810965432e-01	2.540412225607945e-01	2.494364075351670e-01	3.019074888074954e-01
141000	-8.182459200340368e+03	1.217066977437124e+00	1.991087312546279e-01	2.387974159713824e-01	2.522399649476054e-01	3.098538878263843e-01
142000	-8.191213372733314e+03	1.229950868033385e+00	2.011506636397871e-01	2.496084525784702e-01	2.524982307499402e-01	2.967426530318025e-01
143000	-8.181007720551307e+03	1.210036458981471e+00	1.915433669043425e-01	2.641553931714377e-01	2.310431404275617e-01	3.132580994966582e-01
144000	-8.204079132810923e+03	1.199268277530529e+00	2.039713466137112e-01	2.448189065959748e-01	2.518440710954799e-01	2.993656756948342e-01
145000	-8.201111064507297e+03	1.248220294434849e+00	2.039713466137112e-01	2.448189065959748e-01	2.518440710954799e-01	2.993656756948342e-01
146000	-8.189996830168356e+03	1.229557323884856e+00	2.026380430715245e-01	2.498754075833421e-01	2.327210381658998e-01	3.147655111792336e-01
147000	-8.186706037523963e+03	1.227352455514809e+00	1.830217032804900e-01	2.604929757811479e-01	2.724950672017245e-01	2.839902537366374e-01
148000	-8.175701129118587e+03	1.211748866793561e+00	2.066177639140061e-01	2.305850745320683e-01	2.689872523916356e-01	2.938099091622899e-01
149000	-8.178040360108332e+03	1.200863261369037e+00	2.105697741331736e-01	2.587127790463671e-01	2.337305339124904e-01	2.969869129079687e-01
150000	-8.188581872216747e+03	1.264178062859590e+00	1.919254971591106e-01	2.592450456602339e-01	2.454719530239887e-01	3.033575041566666e-01
151000	-8.208395294508860e+03	1.256705067921598e+00	2.047737556158433e-01	2.577757740518438e-01	2.512269479832080e-01	2.862235223491050e-01
152000	-8.193564628293847e+03	1.180037046093408e+00	1.976463098190548e-01	2.490093139577505e-01	2.461605076228069e-01	3.071838686003876e-01
153000	-8.177822209784373e+03	1.178524714941966e+00	1.976463098190548e-01	2.463045006907082e-01	2.488653208898493e-01	3.071838686003876e-01
154000	-8.189859779514829e+03	1.285151802279426e+00	1.954259616365012e-01	2.426932548367704e-01	2.454246251904331e-01	3.164561583362953e-01
155000	-8.201169854692556e+03	1.227412797036371e+00	1.899946732352587e-01	2.539807610971259e-01	2.508153285577978e-01	3.052092371098177e-01
156000	-8.199205035387733e+03	1.293421846067428e+00	2.074357515867584e-01	2.646925372517787e-01	2.379850392612674e-01	2.898866719001952e-01
157000	-8.196142494163965e+03	1.251744551482131e+00	2.010346969588554e-01	2.352686408041796e-01	2.641822511708160e-01	2.995144110661491e-01
158000	-8.189771213551079e+03	1.203748747881242e+00	1.968069680514635e-01	2.566150921465152e-01	2.445334820667185e-01	3.020444577353028e-01
159000	-8.201134359443540e+03	1.188948029158602e+00	2.255783963175340e-01	2.463105668198467e-01	2.502072112600007e-01	2.779038256026186e-01
160000	-8.178778479336907e+03	1.219555646924229e+00	1.945166198582958e-01	2.419153677962540e-01	2.646228171303278e-01	2.989451952151223e-01
161000	-8.171973409950503e+03	1.160326576527553e+00	1.968300942519503e-01	2.488573954321310e-01	2.642609741030025e-01	2.900515362129162e-01
162000	-8.176713663494687e+03	1.287088182349144e+00	1.964020017872870e-01	2.523010155318038e-01	2.602710572279280e-01	2.910259254529812e-01
163000	-8.175116187208638e+03	1.246193624956585e+00	2.142270323678175e-01	2.387448820914133e-01	2.490661299509347e-01	2.979619555898346e-01
164000	-8.152052252296593e+03	1.199820920646136e+00	1.935385395642530e-01	2.373577419560531e-01	2.528084290132286e-01	3.162952894664653e-01
165000	-8.158132798873429e+03	1.205513462734317e+00	2.182302997795242e-01	2.351495883476626e-01	2.555787841169416e-01	2.910413277558714e-01
166000	-8.178770911263469e+03	1.260603345815428e+00	2.105188435013825e-01	2.476309822370777e-01	2.427903438922146e-01	2.990598303693250e-01
167000	-8.181524381104909e+03	1.240462484692020e+00	2.134270429503084e-01	2.501628205185882e-01	2.555326148973465e-01	2.808775216337567e-01
168000	-8.167793722693365e+03	1.190291188059060e+00	1.990114072428277e-01	2.510880502490302e-01	2.485919676017175e-01	3.013085749064246e-01
169000	-8.148043739808632e+03	1.178601424305028e+00	2.004766233335863e-01	2.514331814763081e-01	2.486346010622529e-01	2.994555941278527e-01
170000	-8.176108653305782e+03	1.182610524545414e+00	2.102480684649723e-01	2.433999263964525e-01	2.483057278840411e-01	2.980462772545343e-01
171000	-8.157796888079359e+03	1.256584708575590e+00	1.942979694238655e-01	2.466897488292760e-01	2.519511771644198e-01	3.070611045824387e-01
172000	-8.182233498761458e+03	1.283316924637186e+00	2.017014233615877e-01	2.392862948915538e-01	2.519511771644198e-01	3.070611045824387e-01
173000	-8.176542351064590e+03	1.190567051056566e+00	2.029526469875938e-01	2.416436939627545e-01	2.483425544672131e-01	3.070611045824387e-01
174000	-8.194382577579974e+03	1.236387371630540e+00	2.109843579452287e-01	2.457675044881428e-01	2.503560368600964e-01	2.928921007065320e-01
175000	-8.163891919256357e+03	1.181587869490691e+00	2.045060428324566e-01	2.462139858032300e-01	2.525565400389080e-01	2.967234313254054e-01
176000	-8.160088059584233e+03	1.198794140808859e+00	2.050870090460974e-01	2.475978386361485e-01	2.437357954400078e-01	3.035793568777462e-01
177000	-8.176389115702963e+03	1.233523667164397e+00	1.875914127917738e-01	2.547128563909148e-01	2.359178222081341e-01	3.217779086091773e-01
178000	-8.177510220223341e+03	1.241381235161148e+00	1.937323070215423e-01	2.535831696661350e-01	2.457640840757197e-01	3.069204392366030e-01
179000	-8.181972339597743e+03	1.255200622012342e+00	2.019300527067965e-01	2.542404037483030e-01	2.410266701776564e-01	3.028028733672440e-01
180000	-8.186612095926612e+03	1.254453655684395e+00	1.924902382408261e-01	2.569066008484913e-01	2.481600613411470e-01	3.024430995695356e-01
181000	-8.178847900972703e+03	1.243435453039052e+00	2.186952705185229e-01	2.651105946513672e-01	2.279222586588209e-01	2.882718761712890e-01
182000	-8.169711633759924e+03	1.232039638801240e+00	2.161160498412960e-01	2.303355018962375e-01	2.394003180232784e-01	3.141481302391880e-01
183000	-8.153855871033140e+03	1.171178183861014e+00	1.937082686636113e-01	2.345999365751130e-01	2.541465340075376e-01	3.175452607537382e-01
184000	-8.161416959429072e+03	1.209150994242189e+00	2.026742666106655e-01	2.469083330972135e-01	2.522852278946472e-01	2.981321723974739e-01
185000	-8.172691707592461e+03	1.242637825151528e+00	1.889597795712301e-01	2.415256622206486e-01	2.619091334935183e-01	3.076054247146030e-01
186000	-8.175464780498264e+03	1.240450790857893e+00	2.058899936611743e-01	2.561286791863575e-01	2.485575925596759e-01	2.894237345927924e-01
187000	-8.154125020045365e+03	1.222913312136337e+00	2.022214740475490e-01	2.447016332554835e-01	2.414927831446266e-01	3.115841095523410e-01
188000	-8.167470914847756e+03	1.189447417906307e+00	1.975746415718401e-01	2.461365502133612e-01	2.529904680500633e-01	3.032983401647354e-01
189000	-8.168253433157851e+03	1.210625377884955e+00	2.054567047122672e-01	2.495606913935115e-01	2.469172425862153e-01	2.980653613080062e-01
190000	-8.187456545703131e+03	1.254485059501129e+00	1.978137358879211e-01	2.469671528039343e-01	2.553354946134813e-01	2.998836166946633e-01
191000	-8.165906460502121e+03	1.207493810919911e+00	1.906357525906104e-01	2.484001620569040e-01	2.602199961226274e-01	3.007440892298583e-01
192000	-8.190142049105702e+03	1.288562041556481e+00	1.906357525906104e-01	2.553114385966123e-01	2.511553485026481e-01	3.028974603101294e-01
193000	-8.186754756560200e+03	1.253212406016758e+00	2.046380079601313e-01	2.407149121816386e-01	2.336609224145392e-01	3.209861574436909e-01
194000	-8.179347812397421e+03	1.277463729069584e+00	2.077928584372457e-01	2.576915367268413e-01	2.391402656145342e-01	2.953753392213788e-01
195000	-8.177685482935261e+03	1.242363377271162e+00	1.952852377160955e-01	2.516561499855371e-01	2.551329189972638e-01	2.979256933011036e-01
196000	-8.163377696335458e+03	1.245391791090407e+00	2.006296543294475e-01	2.609214631616132e-01	2.336845330495830e-01	3.047643494593562e-01
197000	-8.171998742730492e+03	1.210000668746959e+00	1.976479523575286e-01	2.544493770870058e-01	2.504752780250810e-01	2.974273925303848e-01
198000	-8.169772558278390e+03	1.209182328552039e+00	2.088809031745901e-01	2.410379338193978e-01	2.526537704756275e-01	2.974273925303848e-01
199000	-8.171756399161606e+03	1.189623741529739e+00	1.983596150133953e-01	2.433112505443471e-01	2.503804537506782e-01	3.079486806915796e-01
200000	-8.171008440015861e+03	1.247737215558767e+00	2.089696736290981e-01	2.433112505443471e-01	2.503804537506782e-01	2.973386220758768e-01
201000	-8.163207035750350e+03	1.242921886040535e+00	1.842147912475914e-01	2.623747705123632e-01	2.531692048561696e-01	3.002412333838758e-01
202000	-8.154383215227102e+03	1.212875013189846e+00	2.046446230801660e-01	2.413909591482447e-01	2.533816854688940e-01	3.005827323026952e-01
203000	-8.183556202949751e+03	1.248712094196998e+00	1.890812434110016e-01	2.517059283301553e-01	2.385923075079994e-01	3.206205207508436e-01
204000	-8.155755465422041e+03	1.201321954647053e+00	1.980146332940555e-01	2.438118923017999e-01	2.513800773047597e-01	3.067933970993849e-01
205000	-8.174781543512081e+03	1.240893762999061e+00	2.043443018213494e-01	2.438118923017999e-01	2.450504087774658e-01	3.067933970993849e-01
206000	-8.149599857874630e+03	1.249140152845982e+00	2.078538882348274e-01	2.562312856054302e-01	2.476129938103118e-01	2.883018323494306e-01
207000	-8.155234214262143e+03	1.231934448029728e+00	2.045163732392337e-01	2.507966780038554e-01	2.421497335577935e-01	3.025372151991175e-01
208000	-8.156154605205446e+03	1.227904429958761e+00	1.960188141712901e-01	2.693410954968683e-01	2.487806679148155e-01	2.858594224170261e-01
209000	-8.161495963564093e+03	1.207498696921186e+00	2.003630513278305e-01	2.502815122656890e-01	2.477866366915464e-01	3.015687997149341e-01
210000	-8.164131653984699e+03	1.202800332201767e+00	2.141390592332291e-01	2.382236589003563e-01	2.365697287801256e-01	3.110675530862890e-01
211000	-8.184547110747614e+03	1.251309597417945e+00	1.873312426639765e-01	2.502553817137702e-01	2.479159318291822e-01	3.144974437930712e-01
212000	-8.154773017257709e+03	1.213704695311601e+00	1.883681461016988e-01	2.579792060602920e-01	2.477178975822483e-01	3.059347502557609e-01
213000	-8.182285304759712e+03	1.225425689146272e+00	1.904637453513673e-01	2.446968716414360e-01	2.633207985434718e-01	3.015185844637249e-01
214000	-8.201329469140870e+03	1.264987833651910e+00	1.991299347246555e-01	2.571345175391970e-01	2.435956948175603e-01	3.001398529185872e-01
215000	-8.175517879048885e+03	1.214603509154470e+00	1.919217885170488e-01	2.616744521371870e-01	2.443099666870031e-01	3.020937926587610e-01
216000	-8.183447229246043e+03	1.208457979880996e+00	2.186260263869601e-01	2.245640609807951e-01	2.483992538354008e-01	3.084106587968439e-01
217000	-8.162168752726860e+03	1.223916094485602e+00	1.952230389590738e-01	2.570115375363632e-01	2.634289603290514e-01	2.843364631755118e-01
218000	-8.168048585101776e+03	1.222415127375213e+00	1.929842555557041e-01	2.501511376254630e-01	2.592673349331763e-01	2.975972718856566e-01
219000	-8.189092352362564e+03	1.298172367922139e+00	1.941699934088489e-01	2.512012730075787e-01	2.468935242254022e-01	3.077352093581703e-01
220000	-8.168492528302387e+03	1.239797278860909e+00	1.985839776188451e-01	2.572673927121008e-01	2.491776839163764e-01	2.949709457526778e-01
221000	-8.175637232991424e+03	1.238151472206874e+00	2.245471374957489e-01	2.298185793291184e-01	2.516031201497627e-01	2.940311630253700e-01
222000	-8.146937202102282e+03	1.195834212811572e+00	2.081083827688064e-01	2.534042602913809e-01	2.559708518287024e-01	2.825165051111103e-01
223000	-8.170600996455366e+03	1.284683192821393e+00	1.971888608827879e-01	2.485721106984710e-01	2.541653765325637e-01	3.000736518861773e-01
224000	-8.165690129532689e+03	1.242003385114140e+00	2.108062019846791e-01	2.501181497993990e-01	2.432663199015938e-01	2.958093283143281e-01
225000	-8.155230863752300e+03	1.188796392183294e+00	2.108468928657674e-01	2.659791489146950e-01	2.388197831319518e-01	2.843541750875859e-01
226000	-8.171843082584558e+03	1.250209108300534e+00	2.146706870624811e-01	2.538550685214882e-01	2.390401552958551e-01	2.924340891201755e-01
227000	-8.163808530859732e+03	1.216848842885393e+00	1.958675128911028e-01	2.485118842836241e-01	2.479837891173911e-01	3.076368137078820e-01
228000	-8.157949428270776e+03	1.200860685430206e+00	1.958675128911028e-01	2.426941879509263e-01	2.541639249557480e-01	3.072743742022229e-01
229000	-8.175584253651362e+03	1.225499606940377e+00	1.991266515413593e-01	2.342007073135194e-01	2.541639249557480e-01	3.125087161893735e-01
230000	-8.175136186144394e+03	1.235152079204206e+00	1.934801050942793e-01	2.462501997127535e-01	2.683563753694800e-01	2.919133198234872e-01
231000	-8.158066503977947e+03	1.213578679059559e+00	2.037577167201517e-01	2.462501997127535e-01	2.439819454243181e-01	3.060101381427766e-01
232000	-8.166520357022785e+03	1.234735446386965e+00	1.957658236613847e-01	2.685612040699379e-01	2.491231662868148e-01	2.865498059818626e-01
233000	-8.156813668869770e+03	1.215667137983123e+00	1.987327809052881e-01	2.548798925279890e-01	2.437214284667924e-01	3.026658980999306e-01
234000	-8.147882287829492e+03	1.177580268811081e+00	1.987327809052881e-01	2.548798925279890e-01	2.478827779361726e-01	2.985045486305503e-01
235000	-8.142308385602807e+03	1.204696567668039e+00	1.983992244789489e-01	2.596620518472193e-01	2.673928621891218e-01	2.745458614847100e-01
236000	-8.154991330053029e+03	1.246509831912442e+00	1.948635144637664e-01	2.520028370235144e-01	2.510371148945656e-01	3.020965336181535e-01
237000	-8.165463611486538e+03	1.296522413847565e+00	2.022139530255252e-01	2.679560190418199e-01	2.336742222890238e-01	2.961558056436311e-01
238000	-8.149665606184750e+03	1.244860329740099e+00	2.137783754968891e-01	2.559473327397300e-01	2.322137467928530e-01	2.980605449705279e-01
239000	-8.166251708445195e+03	1.232920961326760e+00	1.979885082485824e-01	2.476897577043141e-01	2.487065702721371e-01	3.056151637749665e-01
240000	-8.170143649142341e+03	1.225079887401861e+00	1.979885082485824e-01	2.556175472759575e-01	2.487065702721371e-01	2.976873742033231e-01
241000	-8.169657795075419e+03	1.266726286857278e+00	2.061688114883558e-01	2.494102848843466e-01	2.508962019155957e-01	2.935247017117019e-01
242000	-8.159284678747457e+03	1.172742676298024e+00	2.100532189947089e-01	2.256055091532362e-01	2.552860199906077e-01	3.090552518614471e-01
243000	-8.187742931564560e+03	1.239458192704157e+00	1.946011106199353e-01	2.468354311276039e-01	2.478976293251837e-01	3.106658289272771e-01
244000	-8.188685174140477e+03	1.281615496816640e+00	2.043060413151575e-01	2.467600191956213e-01	2.531729782691444e-01	2.957609612200768e-01
245000	-8.170008343939513e+03	1.268378399277960e+00	2.052444834565264e-01	2.590049680453518e-01	2.445901965004301e-01	2.911603519976917e-01
246000	-8.184341358776907e+03	1.301961307979753e+00	2.065502719296499e-01	2.431501052062419e-01	2.541745850500901e-01	2.961250378140181e-01
247000	-8.177517557886707e+03	1.188373872739751e+00	2.131817686080971e-01	2.512274854880666e-01	2.577608034808185e-01	2.778299424230177e-01
248000	-8.164843428084230e+03	1.149602908002535e+00	2.100593234459444e-01	2.602546891358443e-01	2.421898004083648e-01	2.874961870098464e-01
249000	-8.186771980807011e+03	1.222134544439191e+00	2.038874464013605e-01	2.575758173473091e-01	2.463091515800146e-01	2.922275846713159e-01
250000	-8.174008106421501e+03	1.193918982348814e+00	2.043398508599791e-01	2.401617717428719e-01	2.401165454786774e-01	3.153818319184715e-01
251000	-8.199937670110545e+03	1.282982491437390e+00	2.000172846844110e-01	2.476998477466263e-01	2.602412055969677e-01	2.920416619719949e-01
252000	-8.188096800322597e+03	1.318766461087769e+00	2.112850898938340e-01	2.362320756822847e-01	2.364423519058546e-01	3.160404825180267e-01
253000	-8.183929663925354e+03	1.272230404222465e+00	2.124894849013526e-01	2.408352503100502e-01	2.538063478516586e-01	2.928689169369387e-01
254000	-8.173103307138235e+03	1.212213650763090e+00	2.113339861753740e-01	2.488375953848891e-01	2.478877087564616e-01	2.919407096832754e-01
255000	-8.160602571527646e+03	1.222773332131170e+00	2.012520595289897e-01	2.430014159231441e-01	2.600038315229096e-01	2.957426930249565e-01
256000	-8.164182721991555e+03	1.228997957391849e+00	2.041975781753662e-01	2.396745437694408e-01	2.613676043248579e-01	2.947602737303351e-01
257000	-8.154573100014300e+03	1.156787290028904e+00	1.916092821254101e-01	2.585486924343138e-01	2.387972780722602e-01	3.110447473680159e-01
258000	-8.151655234574201e+03	1.173405052078919e+00	2.000441750348431e-01	2.340134071475529e-01	2.461553127531975e-01	3.197871050644067e-01
259000	-8.167211240017310e+03	1.208474865013753e+00	2.027227159528554e-01	2.491684082923909e-01	2.436756644519711e-01	3.044332113027826e-01
260000	-8.166669622884226e+03	1.263318100623611e+00	2.033255331198978e-01	2.484073352260592e-01	2.476872995367798e-01	3.005798321172632e-01
261000	-8.146003828805685e+03	1.202522034582070e+00	1.968696973899123e-01	2.565252422793679e-01	2.398891197856830e-01	3.067159405450370e-01
262000	-8.148859028491067e+03	1.229256204689576e+00	2.129470741575011e-01	2.383529921946412e-01	2.488383600165158e-01	2.998615736313421e-01
263000	-8.143335423819137e+03	1.253286516943963e+00	1.974159487787367e-01	2.600375514822786e-01	2.503807395122819e-01	2.921657602267029e-01
264000	-8.147098062038766e+03	1.222963968923985e+00	1.985984736423381e-01	2.655538273706464e-01	2.419338824653663e-01	2.939138165216492e-01
265000	-8.159374172754055e+03	1.240888661694067e+00	2.212169171379704e-01	2.482867648197808e-01	2.244810863270429e-01	3.060152317152057e-01
266000	-8.143130959855937e+03	1.219717145355087e+00	2.036666621979421e-01	2.515435940817006e-01	2.457826200800393e-01	2.990071236403177e-01
267000	-8.132207833752592e+03	1.174609343724045e+00	2.008061446610120e-01	2.509544296757898e-01	2.472744209472164e-01	3.009650047159819e-01
268000	-8.146695763865799e+03	1.241826466106244e+00	2.005849208393063e-01	2.576142209379538e-01	2.431857125507103e-01	2.986151456720298e-01
269000	-8.147807112501187e+03	1.143749759376522e+00	1.966204530373310e-01	2.640027273623184e-01	2.435791424658234e-01	2.957976771345273e-01
270000	-8.150835829228851e+03	1.216110750382846e+00	1.935098758321812e-01	2.537314267101273e-01	2.491544818772148e-01	3.036042155804766e-01
271000	-8.140815315777425e+03	1.177138252099700e+00	2.066444337737364e-01	2.508832235391632e-01	2.345461583108868e-01	3.079261843762136e-01
272000	-8.165999488392903e+03	1.200558699180486e+00	2.005369941747810e-01	2.317204216740256e-01	2.490651854170993e-01	3.186773987340942e-01
273000	-8.151798220077518e+03	1.204995278073296e+00	2.059758852165447e-01	2.317204216740256e-01	2.681279984360380e-01	2.941756946733919e-01
274000	-8.161019943133860e+03	1.195004622372754e+00	2.039923172297654e-01	2.380509943030582e-01	2.548651646675628e-01	3.030915237996136e-01
275000	-8.188746160932476e+03	1.241736426631348e+00	2.013973654681093e-01	2.470377199435198e-01	2.684921405823035e-01	2.830727740060673e-01
276000	-8.193274017200731e+03	1.196662020523509e+00	2.103337941600830e-01	2.394028031735606e-01	2.506419401341198e-01	2.996214625322365e-01
277000	-8.188225217696929e+03	1.227119662158088e+00	2.071836210749770e-01	2.483277549800441e-01	2.518166409241719e-01	2.926719830208070e-01
278000	-8.172069159767365e+03	1.224966148030754e+00	1.953322468306868e-01	2.449993448147494e-01	2.569994327715153e-01	3.026689755830486e-01
279000	-8.169505125540426e+03	1.265241778949037e+00	2.055578818071054e-01	2.434502396689930e-01	2.377278459585357e-01	3.132640325653657e-01
280000	-8.183075879654332e+03	1.276672107032757e+00	2.074644038422008e-01	2.349358533679326e-01	2.522152081923507e-01	3.053845345975159e-01
281000	-8.184603970387328e+03	1.148891227596701e+00	1.921614410052896e-01	2.729533180304230e-01	2.460415096139631e-01	2.888437313503244e-01
282000	-8.170935694648490e+03	1.255269771219934e+00	2.164019572507484e-01	2.407492582863079e-01	2.389913939132452e-01	3.038573905496985e-01
283000	-8.172182282940880e+03	1.221789326821258e+00	1.923818606104124e-01	2.442793825508748e-01	2.541228952724420e-01	3.092158615662708e-01
284000	-8.147526262981529e+03	1.185089271489177e+00	2.093708534150326e-01	2.470701580662322e-01	2.416543587445126e-01	3.019046297742226e-01
285000	-8.135382555538111e+03	1.146788403784139e+00	2.041052075907795e-01	2.361295142920873e-01	2.604800248052830e-01	2.992852533118501e-01
