[ID: 5558898589]
Gen	LnL	TL	pi(A)	pi(C)	pi(G)	pi(T)
0	-2.335289024658824e+04	2.229999999999996e+00	2.500000000000000e-01	2.500000000000000e-01	2.500000000000000e-01	2.500000000000000e-01
1000	-1.422239933599985e+04	6.412677198771962e-01	3.198823524161271e-01	1.934861161308744e-01	1.824202100309313e-01	3.042113214220674e-01
2000	-1.248019904265336e+04	4.668002067764480e-01	2.941559757399271e-01	1.631322631082049e-01	1.851503782876419e-01	3.575613828642261e-01
3000	-1.161182035553426e+04	4.706528579189501e-01	2.951245515677063e-01	1.850180078557465e-01	1.622960577123213e-01	3.575613828642261e-01
4000	-1.087564477471035e+04	4.353315915840293e-01	2.914430531552029e-01	1.850180078557465e-01	1.610152864098587e-01	3.625236525791921e-01
5000	-1.001724115095781e+04	4.313208048194511e-01	2.932073244886134e-01	1.789798438682833e-01	1.616869795924103e-01	3.661258520506932e-01
6000	-9.770041741487792e+03	4.396973654996740e-01	2.927149503111710e-01	1.667950603343423e-01	1.581919120551848e-01	3.822980772993019e-01
7000	-9.588119327167316e+03	4.240920048421724e-01	2.892775346310226e-01	1.894485310416379e-01	1.568525922422150e-01	3.644213420851246e-01
8000	-9.439607704237796e+03	3.939313071327849e-01	2.997053299098928e-01	1.722714528363356e-01	1.715830206275226e-01	3.564401966262489e-01
9000	-9.430103589747237e+03	4.360055984441945e-01	2.991092701797627e-01	1.730252811992086e-01	1.714252519947797e-01	3.564401966262489e-01
10000	-9.346356480919427e+03	4.086234338066085e-01	2.966809670248065e-01	1.657973678734134e-01	1.689217394807554e-01	3.685999256210246e-01
11000	-9.370040405547559e+03	4.272869046288280e-01	3.009187958385647e-01	1.641100411414040e-01	1.683308742554695e-01	3.666402887645618e-01
12000	-9.361950620457397e+03	4.307109012088288e-01	2.841806536729333e-01	1.813491289117460e-01	1.573406673898647e-01	3.771295500254559e-01
13000	-9.303277000662281e+03	4.085991610193421e-01	2.865526669802330e-01	1.683578656050787e-01	1.608448879814210e-01	3.842445794332673e-01
14000	-9.303578491759936e+03	4.111943574793363e-01	2.865526669802330e-01	1.736224726307971e-01	1.608448879814210e-01	3.789799724075489e-01
15000	-9.303269962241142e+03	4.183477977448114e-01	2.980436148530914e-01	1.748978514947388e-01	1.589517982905649e-01	3.681067353616050e-01
16000	-9.305648626799028e+03	3.992801669819056e-01	3.161786881177844e-01	1.678862373404314e-01	1.570003084144489e-01	3.589347661273353e-01
17000	-9.329900837841560e+03	4.276351656449044e-01	2.896057673430823e-01	1.714980634559716e-01	1.597423297646215e-01	3.791538394363245e-01
18000	-9.274262529216172e+03	4.303356360834871e-01	3.034301550700574e-01	1.653387559627940e-01	1.718557821423816e-01	3.593753068247670e-01
19000	-9.267561767736022e+03	4.202639020829525e-01	3.034301550700574e-01	1.653387559627940e-01	1.718557821423816e-01	3.593753068247670e-01
20000	-9.270953024067665e+03	3.975558887937558e-01	2.891324250323126e-01	1.653387559627940e-01	1.718557821423816e-01	3.736730368625119e-01
21000	-9.269464225488116e+03	4.190505156948992e-01	2.815337148095224e-01	1.750082552405450e-01	1.609488571747378e-01	3.825091727751949e-01
22000	-9.275988076928006e+03	4.096613973168229e-01	2.898364215388909e-01	1.738447774196350e-01	1.731617946563942e-01	3.631570063850799e-01
23000	-9.272565623445524e+03	4.236455589916366e-01	2.961316912709969e-01	1.754158832702934e-01	1.653333340501387e-01	3.631190914085709e-01
24000	-9.247429084647891e+03	4.010930396447924e-01	3.009885359024626e-01	1.754158832702934e-01	1.604764894186731e-01	3.631190914085709e-01
25000	-9.250858845597400e+03	4.317180307619507e-01	3.009885359024626e-01	1.672786330565288e-01	1.686137396324376e-01	3.631190914085709e-01
26000	-9.229355796149704e+03	4.087114915693798e-01	3.025891590519273e-01	1.682139322303939e-01	1.601163821269946e-01	3.690805265906841e-01
27000	-9.249560052660621e+03	4.184106395511060e-01	2.945355695120862e-01	1.695726874469560e-01	1.696607145751394e-01	3.662310284658186e-01
28000	-9.260968102015813e+03	3.926902586080430e-01	3.029924504049247e-01	1.875001688453489e-01	1.581867598733948e-01	3.513206208763315e-01
29000	-9.242190674139227e+03	4.142678754439720e-01	3.059693949663710e-01	1.757148286658615e-01	1.635996935440513e-01	3.547160828237162e-01
30000	-9.262843884347698e+03	4.542393289428550e-01	2.872834734649670e-01	1.744967934797070e-01	1.665431356855989e-01	3.716765973697270e-01
31000	-9.231832382315515e+03	3.949934001626171e-01	2.957647183478157e-01	1.776044624671557e-01	1.640729028930288e-01	3.625579162919997e-01
32000	-9.263604812318317e+03	4.222498400097084e-01	2.994569896671033e-01	1.639807720925915e-01	1.754289862527481e-01	3.611332519875570e-01
33000	-9.237269151269622e+03	4.006626044074126e-01	2.874243064582535e-01	1.687222595853999e-01	1.776709212449694e-01	3.661825127113771e-01
34000	-9.244679509178559e+03	4.367384933492585e-01	2.945776120252389e-01	1.735163053445243e-01	1.728981069562597e-01	3.590079756739771e-01
35000	-9.244269945416532e+03	4.054188360020719e-01	2.889773644464110e-01	1.745473375211365e-01	1.740682184990306e-01	3.624070795334219e-01
36000	-9.247377843089393e+03	3.962728930707861e-01	2.989082425006586e-01	1.750523296989900e-01	1.696775116766884e-01	3.563619161236630e-01
37000	-9.252517512618038e+03	4.293506221493049e-01	2.989082425006586e-01	1.795881283142892e-01	1.697208394671374e-01	3.517827897179148e-01
38000	-9.256805416456400e+03	4.227119158518953e-01	3.060737534775764e-01	1.637305484984723e-01	1.622799909113436e-01	3.679157071126078e-01
39000	-9.244810996103781e+03	4.152821822017171e-01	3.020601261280916e-01	1.747536243599405e-01	1.528263039500485e-01	3.703599455619194e-01
40000	-9.240464806145092e+03	4.025986444549183e-01	3.020601261280916e-01	1.747536243599405e-01	1.537608085087355e-01	3.694254410032324e-01
41000	-9.258162639073611e+03	4.113393309331694e-01	2.860069016712624e-01	1.875160173686756e-01	1.773559455646282e-01	3.491211353954339e-01
42000	-9.240804920441476e+03	4.398274829444303e-01	2.896945428400429e-01	1.619606426164699e-01	1.683401348736485e-01	3.800046796698388e-01
43000	-9.255324199862953e+03	4.254678629438609e-01	3.098559214360724e-01	1.792286910303701e-01	1.642034502187965e-01	3.467119373147609e-01
44000	-9.236171288796717e+03	3.963161916669216e-01	2.962663885115270e-01	1.726395628995998e-01	1.520823266686496e-01	3.790117219202239e-01
45000	-9.229422632022493e+03	3.923853735092230e-01	2.988704245619563e-01	1.709452959864729e-01	1.639938766109566e-01	3.661904028406142e-01
46000	-9.232271757739751e+03	3.980336212892361e-01	2.988704245619563e-01	1.650535837600800e-01	1.639938766109566e-01	3.720821150670071e-01
47000	-9.250395233044697e+03	4.272735364727553e-01	3.093258003247892e-01	1.592357740603844e-01	1.500392393343435e-01	3.813991862804827e-01
48000	-9.256589060131160e+03	4.348135606386523e-01	3.095826422764160e-01	1.588412854704594e-01	1.691150675372808e-01	3.624610047158437e-01
49000	-9.241146302247225e+03	4.207394349593473e-01	3.072570629534876e-01	1.702578374819020e-01	1.615501358879282e-01	3.609349636766820e-01
50000	-9.238477556012474e+03	4.168702018402765e-01	3.072570629534876e-01	1.702578374819020e-01	1.615501358879282e-01	3.609349636766820e-01
51000	-9.225655652415524e+03	3.999322221286548e-01	2.891511919089461e-01	1.724979075867591e-01	1.748380711024115e-01	3.635128294018833e-01
52000	-9.239518346726214e+03	3.937813810758104e-01	2.891511919089461e-01	1.724979075867591e-01	1.748380711024115e-01	3.635128294018833e-01
53000	-9.264463762022979e+03	4.281576354802033e-01	2.977841665087745e-01	1.793252316536814e-01	1.582640441738311e-01	3.646265576637130e-01
54000	-9.242608094193247e+03	3.898649654877941e-01	2.917349697900286e-01	1.722782973204527e-01	1.747300242567204e-01	3.612567086327984e-01
55000	-9.235665201126405e+03	3.939509253304589e-01	2.965576706289887e-01	1.726163534540497e-01	1.551326695811284e-01	3.756933063358331e-01
56000	-9.225593963987147e+03	3.863049998944131e-01	2.957456472602288e-01	1.763589714898373e-01	1.697895531308760e-01	3.581058281190579e-01
57000	-9.234936526760908e+03	4.148581874588325e-01	2.957456472602288e-01	1.763589714898373e-01	1.697895531308760e-01	3.581058281190579e-01
58000	-9.234048134822111e+03	4.102102864480262e-01	3.051617410530705e-01	1.681205925316898e-01	1.562003460611808e-01	3.705173203540589e-01
59000	-9.238618989579476e+03	4.042012631450171e-01	2.825379943042007e-01	1.821620342334419e-01	1.614017444726400e-01	3.738982269897174e-01
60000	-9.241231997528810e+03	4.168294534122120e-01	2.841727190577154e-01	1.730277918512799e-01	1.745543207407263e-01	3.682451683502785e-01
61000	-9.244478796346679e+03	4.348244229231412e-01	3.081180386049880e-01	1.672005107300626e-01	1.564362823146709e-01	3.682451683502785e-01
62000	-9.226947164885611e+03	4.178312154647421e-01	2.939058653168872e-01	1.635486490026670e-01	1.743003173301673e-01	3.682451683502785e-01
63000	-9.232697005391243e+03	4.411543332758202e-01	2.975201620897894e-01	1.827472010399131e-01	1.615009371288380e-01	3.582316997414596e-01
64000	-9.230258458081797e+03	4.227421248249253e-01	2.958844560331356e-01	1.650045525053525e-01	1.673108664837792e-01	3.718001249777328e-01
65000	-9.245050283913861e+03	4.305413132999297e-01	2.958844560331356e-01	1.611715374916375e-01	1.680330644110196e-01	3.749109420642074e-01
66000	-9.239424992052715e+03	4.289361110060593e-01	3.050261039833945e-01	1.728368588402888e-01	1.769128629284456e-01	3.452241742478711e-01
67000	-9.220724658053834e+03	4.119062040892730e-01	3.068468535745853e-01	1.798222278874656e-01	1.555539271704999e-01	3.577769913674492e-01
68000	-9.235150981162460e+03	4.123996765288073e-01	3.119513211282620e-01	1.596514251714201e-01	1.610430731326397e-01	3.673541805676783e-01
69000	-9.238094348289924e+03	4.242585835815957e-01	2.971068977568674e-01	1.744958485428146e-01	1.656229229273181e-01	3.627743307730000e-01
70000	-9.235514393886284e+03	4.057304291489440e-01	3.018438897088060e-01	1.697588565908760e-01	1.656229229273181e-01	3.627743307730000e-01
71000	-9.224266216888353e+03	3.986444891897638e-01	2.909039534007530e-01	1.785703618059317e-01	1.656229229273181e-01	3.649027618659973e-01
72000	-9.222757656847045e+03	4.146432433607063e-01	2.909039534007530e-01	1.751103065114973e-01	1.656466612632009e-01	3.683390788245489e-01
73000	-9.219461976726443e+03	4.098984044582328e-01	2.945409364820367e-01	1.741379347359543e-01	1.614408176973258e-01	3.698803110846831e-01
74000	-9.232010793818257e+03	4.265654833728910e-01	3.090633073545516e-01	1.787897391985263e-01	1.657695684576263e-01	3.463773849892958e-01
75000	-9.221001176338927e+03	4.076685091800491e-01	2.855348125499422e-01	1.916653929668867e-01	1.568390290427015e-01	3.659607654404696e-01
76000	-9.238933125956459e+03	4.500670831343233e-01	2.977284817449628e-01	1.712710326135945e-01	1.678020750740816e-01	3.631984105673611e-01
77000	-9.249032022596559e+03	4.379868441659089e-01	2.977284817449628e-01	1.698280385496785e-01	1.728891630771222e-01	3.595543166282364e-01
78000	-9.261444745191169e+03	4.509661252050806e-01	2.937144798388123e-01	1.738420404558290e-01	1.630482020322967e-01	3.693952776730620e-01
79000	-9.259427199960095e+03	4.349098968696628e-01	2.937144798388123e-01	1.738420404558290e-01	1.630482020322967e-01	3.693952776730620e-01
80000	-9.254804975758307e+03	4.318978649187732e-01	2.937242154180971e-01	1.712194479747164e-01	1.549163813711092e-01	3.801399552360774e-01
81000	-9.262858657434872e+03	4.003013827947836e-01	2.969246892517293e-01	1.658800917610951e-01	1.705133182943243e-01	3.666819006928513e-01
82000	-9.254937178763823e+03	4.096746420213883e-01	2.969246892517293e-01	1.658800917610951e-01	1.705133182943243e-01	3.666819006928513e-01
83000	-9.235437366489356e+03	4.127355973670626e-01	2.969246892517293e-01	1.696495402667907e-01	1.667438697886287e-01	3.666819006928513e-01
84000	-9.239587832911959e+03	4.156128633316654e-01	2.969246892517293e-01	1.676442429893729e-01	1.667438697886287e-01	3.686871979702691e-01
85000	-9.231892180442816e+03	4.126474195417020e-01	2.955314325705053e-01	1.676442429893729e-01	1.681371264698527e-01	3.686871979702691e-01
86000	-9.238131680432080e+03	4.205678673663091e-01	2.949076778866176e-01	1.682679976732606e-01	1.681371264698527e-01	3.686871979702691e-01
87000	-9.229050252723686e+03	4.086229758130368e-01	3.018909590085890e-01	1.655451079461231e-01	1.690335465853208e-01	3.635303864599671e-01
88000	-9.249514282246790e+03	4.241030997457343e-01	3.018909590085890e-01	1.655451079461231e-01	1.654713795803661e-01	3.670925534649217e-01
89000	-9.249632395733433e+03	4.371944608981935e-01	2.924756691590791e-01	1.710483840075004e-01	1.596871350819005e-01	3.767888117515200e-01
90000	-9.235000424821359e+03	4.062991126379555e-01	2.931759860746136e-01	1.706210471491516e-01	1.611338160206155e-01	3.750691507556192e-01
91000	-9.227529955453614e+03	3.999334460226037e-01	2.922283056236563e-01	1.706210471491516e-01	1.611338160206155e-01	3.760168312065766e-01
92000	-9.252628089698868e+03	4.076598094696562e-01	2.852540131891070e-01	1.770580581512080e-01	1.620260368631022e-01	3.756618917965827e-01
93000	-9.250342148372376e+03	4.153046983633377e-01	2.914103762641945e-01	1.710119437921479e-01	1.651842373516446e-01	3.723934425920130e-01
94000	-9.254139837481274e+03	3.923341569213027e-01	2.974244380391671e-01	1.765373653981771e-01	1.562549484621170e-01	3.697832481005386e-01
95000	-9.271007646503920e+03	4.312456850462622e-01	2.858533479375382e-01	1.637909362728057e-01	1.772459813689378e-01	3.731097344207183e-01
96000	-9.237118740163105e+03	4.142096691989761e-01	2.918377322871074e-01	1.728151291024713e-01	1.831992735241982e-01	3.521478650862232e-01
97000	-9.234258576502896e+03	4.108438692599655e-01	2.846889859188861e-01	1.872031713598185e-01	1.563072590450146e-01	3.718005836762807e-01
98000	-9.240581862339026e+03	3.975268330545353e-01	2.914378358568662e-01	1.825569233635578e-01	1.556010267497294e-01	3.704042140298466e-01
99000	-9.228418106975247e+03	4.099179368674572e-01	2.960594184183261e-01	1.676749295431379e-01	1.786164608353381e-01	3.576491912031980e-01
100000	-9.237153116546309e+03	4.457079590666246e-01	2.866832656135239e-01	1.761064120951386e-01	1.599021409659576e-01	3.773081813253800e-01
101000	-9.252535064813936e+03	4.384844543533148e-01	2.919129620737770e-01	1.756979512983419e-01	1.660630453481284e-01	3.663260412797526e-01
102000	-9.247009286854855e+03	4.199117854800321e-01	3.075161481282797e-01	1.571436042620244e-01	1.645818980664875e-01	3.707583495432084e-01
103000	-9.240352873722682e+03	4.204638964867327e-01	2.910608909821054e-01	1.641280736696202e-01	1.684557879293006e-01	3.763552474189738e-01
104000	-9.252183534349968e+03	4.232064466732251e-01	2.910608909821054e-01	1.854119163551181e-01	1.684557879293006e-01	3.550714047334759e-01
105000	-9.257989376481846e+03	4.257841337607373e-01	2.987464592369302e-01	1.678559153031500e-01	1.776625209800118e-01	3.557351044799082e-01
106000	-9.249756278491341e+03	4.212318561957236e-01	2.989471278066977e-01	1.742515648159119e-01	1.666012457338841e-01	3.602000616435063e-01
107000	-9.276374217758019e+03	4.299084024354896e-01	3.066040918900576e-01	1.705126846221072e-01	1.741248471275251e-01	3.487583763603102e-01
108000	-9.260899685330987e+03	4.265477649613692e-01	2.885256908211197e-01	1.749485810539033e-01	1.626969410252295e-01	3.738287870997476e-01
109000	-9.246983382247818e+03	4.002101725947981e-01	2.933959273461674e-01	1.826399398268157e-01	1.571492678221814e-01	3.668148650048353e-01
110000	-9.247589903877013e+03	4.158277485381845e-01	2.999047128207605e-01	1.685367316563583e-01	1.647436905180459e-01	3.668148650048353e-01
111000	-9.260865658932336e+03	4.351368215221249e-01	2.985441342243527e-01	1.802588724163539e-01	1.614439420782427e-01	3.597530512810507e-01
112000	-9.259670480178840e+03	4.354094229215689e-01	2.986705765948885e-01	1.751675534161889e-01	1.567262856106725e-01	3.694355843782500e-01
113000	-9.259374946999613e+03	4.211831020499032e-01	3.034953978086112e-01	1.639867388021561e-01	1.593140522224918e-01	3.732038111667407e-01
114000	-9.252615484766176e+03	4.075371461606667e-01	3.034953978086112e-01	1.708729215078552e-01	1.614903851228918e-01	3.641412955606416e-01
115000	-9.263024121790437e+03	4.031273397343019e-01	3.042658880290747e-01	1.669420097137073e-01	1.621817598459706e-01	3.666103424112474e-01
116000	-9.272557264056642e+03	4.321381007084780e-01	2.909096089931391e-01	1.720913753296405e-01	1.600899799315721e-01	3.769090357456484e-01
117000	-9.245386492969426e+03	3.951808359247809e-01	2.930246834924889e-01	1.671818777561212e-01	1.570989021239475e-01	3.826945366274424e-01
118000	-9.249282062063188e+03	4.125792390644661e-01	2.879735013210089e-01	1.683333806393798e-01	1.626010233436346e-01	3.810920946959766e-01
119000	-9.240470873660959e+03	4.040968138175274e-01	2.960215829870660e-01	1.726091395764659e-01	1.626010233436346e-01	3.687682540928333e-01
120000	-9.255046810702030e+03	4.133542536070337e-01	3.051724883738706e-01	1.715559554353709e-01	1.493699348541224e-01	3.739016213366363e-01
121000	-9.268357732946057e+03	4.218793058249036e-01	2.990668136696709e-01	1.679920265122956e-01	1.763646314084099e-01	3.565765284096236e-01
122000	-9.253130671646848e+03	4.075963223415009e-01	2.956266460821526e-01	1.799587442182930e-01	1.589932023076851e-01	3.654214073918693e-01
123000	-9.258715107184216e+03	4.312686241084530e-01	2.856443668526526e-01	1.684727404446003e-01	1.686574682366253e-01	3.772254244661217e-01
124000	-9.257870971915190e+03	4.226834767488633e-01	2.827413565617319e-01	1.718744494791866e-01	1.673499080344790e-01	3.780342859246024e-01
125000	-9.229823005962264e+03	3.935740838292672e-01	2.913998343521282e-01	1.792591113711870e-01	1.607363815550789e-01	3.686046727216059e-01
126000	-9.246579292094844e+03	4.119459327388151e-01	2.910859938158420e-01	1.720079854175765e-01	1.683013480449756e-01	3.686046727216059e-01
127000	-9.259246817528960e+03	4.018746188179967e-01	2.882164594097948e-01	1.748775198236237e-01	1.683013480449756e-01	3.686046727216059e-01
128000	-9.253980568972394e+03	4.125832063557123e-01	2.993939771640626e-01	1.665793414732648e-01	1.687266256025393e-01	3.653000557601331e-01
129000	-9.258016223636359e+03	4.337778672949958e-01	3.045260249108259e-01	1.709515620499391e-01	1.586284559767993e-01	3.658939570624355e-01
130000	-9.231786816396247e+03	4.134036650337504e-01	3.045260249108259e-01	1.649344946539318e-01	1.678626808764550e-01	3.626767995587872e-01
131000	-9.263375259194379e+03	4.301118181266884e-01	3.082137977557996e-01	1.752985354095324e-01	1.496662453768645e-01	3.668214214578035e-01
132000	-9.257217497061705e+03	4.508887195873135e-01	3.028431204846473e-01	1.686718440745777e-01	1.667049887110336e-01	3.617800467297414e-01
133000	-9.270906986420916e+03	4.508728024320451e-01	2.987265503520092e-01	1.751178977814165e-01	1.574947669025850e-01	3.686607849639894e-01
134000	-9.253209489556883e+03	4.046708573074030e-01	2.987265503520092e-01	1.751178977814165e-01	1.576654269979172e-01	3.684901248686572e-01
135000	-9.238944216177308e+03	4.071589034918551e-01	2.878455233324171e-01	1.762927039214881e-01	1.625387492697796e-01	3.733230234763151e-01
136000	-9.249200504587412e+03	4.213939475490899e-01	2.923751272600307e-01	1.764625097972458e-01	1.679913091284944e-01	3.631710538142293e-01
137000	-9.245424269958679e+03	4.046190964813573e-01	2.963568903897300e-01	1.706446134288785e-01	1.640447025368176e-01	3.689537936445738e-01
138000	-9.258701192461374e+03	4.182009172831908e-01	2.983297609610037e-01	1.643188527212629e-01	1.656332041436136e-01	3.717181821741198e-01
139000	-9.244428111630781e+03	4.011897971863539e-01	2.983297609610037e-01	1.717126924612123e-01	1.582393644036641e-01	3.717181821741198e-01
140000	-9.226550118156023e+03	3.950778440107228e-01	2.922500499430950e-01	1.744534812327351e-01	1.591340564068111e-01	3.741624124173588e-01
141000	-9.254431506938310e+03	4.185301699949381e-01	2.922500499430950e-01	1.744534812327351e-01	1.591340564068111e-01	3.741624124173588e-01
142000	-9.250169817352411e+03	4.184430163471273e-01	2.945430487906093e-01	1.744534812327351e-01	1.683834044382457e-01	3.626200655384099e-01
143000	-9.261601621273612e+03	4.141933039214454e-01	2.836651321927658e-01	1.790606986855897e-01	1.658869829056803e-01	3.713871862159642e-01
144000	-9.256020682662656e+03	4.195309168410881e-01	3.019033701012168e-01	1.740838541908673e-01	1.598461983163129e-01	3.641665773916030e-01
145000	-9.260366347465015e+03	4.260000867631050e-01	2.912421687375570e-01	1.658621551353121e-01	1.603988021511160e-01	3.824968739760147e-01
146000	-9.233953397697773e+03	4.159468224393729e-01	2.971596931639898e-01	1.758015669425630e-01	1.680667984098254e-01	3.589719414836218e-01
147000	-9.234201677808162e+03	3.960931770991319e-01	2.956358785791251e-01	1.709897932893249e-01	1.721396261828864e-01	3.612347019486636e-01
148000	-9.245202786303314e+03	4.279102288352663e-01	2.844882723288363e-01	1.795611747148764e-01	1.714186614484651e-01	3.645318915078222e-01
149000	-9.249441909668441e+03	4.227728948701600e-01	2.922648460777616e-01	1.667874827966211e-01	1.709358964934100e-01	3.700117746322072e-01
150000	-9.247481905764065e+03	4.284571485339214e-01	3.001905477895643e-01	1.727598470626729e-01	1.628275345763291e-01	3.642220705714335e-01
151000	-9.235273829119671e+03	4.015185395434525e-01	3.038288794807544e-01	1.611640833298750e-01	1.659203173656998e-01	3.690867198236709e-01
152000	-9.239563753527973e+03	4.018991119867019e-01	2.969253341882326e-01	1.656798911212172e-01	1.683080548668794e-01	3.690867198236709e-01
153000	-9.263661396668178e+03	4.160868668052620e-01	3.042602876407484e-01	1.637693424275639e-01	1.661191046199151e-01	3.658512653117725e-01
154000	-9.254283179698185e+03	4.141855813815953e-01	2.900102642775778e-01	1.667802504521283e-01	1.708355292304384e-01	3.723739560398553e-01
155000	-9.228052301898615e+03	4.010198403632009e-01	2.864443902973616e-01	1.722100195359435e-01	1.654057601466233e-01	3.759398300200715e-01
156000	-9.247733764695939e+03	4.261759424207239e-01	2.915351962410122e-01	1.629932701228603e-01	1.693231692362162e-01	3.761483643999113e-01
157000	-9.233860936776131e+03	4.264868162967137e-01	3.017994424984569e-01	1.666523729031358e-01	1.656398519162319e-01	3.659083326821754e-01
158000	-9.226198652959902e+03	4.207908613636856e-01	2.935434580740041e-01	1.782461663528855e-01	1.623020428909350e-01	3.659083326821754e-01
159000	-9.256522969187607e+03	4.338031293355794e-01	2.842795604766493e-01	1.728917905138215e-01	1.676564187299990e-01	3.751722302795301e-01
160000	-9.256128973766912e+03	4.191082392341985e-01	2.880863984531169e-01	1.714579230890441e-01	1.685744453817097e-01	3.718812330761292e-01
161000	-9.270463570470143e+03	4.235791443937383e-01	2.938436741222833e-01	1.746581292205596e-01	1.660667212987965e-01	3.654314753583605e-01
162000	-9.233181013964313e+03	3.830421322697058e-01	3.088305360143292e-01	1.706812930405265e-01	1.656456326131543e-01	3.548425383319900e-01
163000	-9.237575026764762e+03	3.960863217092055e-01	2.949636164615198e-01	1.706812930405265e-01	1.656456326131543e-01	3.687094578847995e-01
164000	-9.252672319273994e+03	3.984311825700612e-01	2.894327747598372e-01	1.738075379991083e-01	1.648721184804935e-01	3.718875687605610e-01
165000	-9.220394150447650e+03	4.276708826342071e-01	2.918351043647501e-01	1.720255488397190e-01	1.682685208221333e-01	3.678708259733975e-01
166000	-9.251608042721191e+03	4.137914888530749e-01	2.943279539856184e-01	1.667435428351319e-01	1.676503751894363e-01	3.712781279898133e-01
167000	-9.243433013496793e+03	4.113092029852524e-01	2.986942786520274e-01	1.704818330457789e-01	1.618548168439612e-01	3.689690714582325e-01
168000	-9.254158238187398e+03	3.995672918887482e-01	2.911278433145466e-01	1.768902655987227e-01	1.679312591337711e-01	3.640506319529596e-01
169000	-9.238119650876964e+03	4.261355386291292e-01	3.050464518295145e-01	1.654664768990231e-01	1.645850062412094e-01	3.649020650302532e-01
170000	-9.240244623998247e+03	4.155662199592337e-01	3.010275627075072e-01	1.654664768990231e-01	1.686038953632167e-01	3.649020650302532e-01
171000	-9.229375706741963e+03	4.277085956502720e-01	3.014360043497104e-01	1.666168853124083e-01	1.668480738104086e-01	3.650990365274727e-01
172000	-9.228080144045158e+03	4.073999223109649e-01	3.014360043497104e-01	1.666168853124083e-01	1.577875707764688e-01	3.741595395614125e-01
173000	-9.239219374442879e+03	4.372246991927100e-01	3.024403621013710e-01	1.686588738583937e-01	1.595746927327035e-01	3.693260713075316e-01
174000	-9.225762951681369e+03	4.126634891985090e-01	3.012182007314339e-01	1.672633647894389e-01	1.607968541026407e-01	3.707215803764864e-01
175000	-9.246306267133117e+03	4.308063765696722e-01	2.930160245318801e-01	1.793797890205197e-01	1.542082400588872e-01	3.733959463887130e-01
176000	-9.250262069864717e+03	4.452160585854202e-01	3.025995532851103e-01	1.839205825728860e-01	1.594905809756530e-01	3.539892831663506e-01
177000	-9.248053407912819e+03	4.358466513019285e-01	3.025995532851103e-01	1.839205825728860e-01	1.594905809756530e-01	3.539892831663506e-01
178000	-9.241938984391718e+03	4.315646055826348e-01	3.050933885873854e-01	1.798578479930419e-01	1.578520343280157e-01	3.571967290915570e-01
179000	-9.239875129111231e+03	4.230946808304573e-01	3.009151971175161e-01	1.784098753817274e-01	1.585017184164605e-01	3.621732090842960e-01
180000	-9.247995543681624e+03	4.441309240203506e-01	3.009151971175161e-01	1.721118859258881e-01	1.571087025269784e-01	3.698642144296174e-01
181000	-9.249297891799992e+03	4.218945324752756e-01	2.987386551412960e-01	1.765508650876976e-01	1.630160885868126e-01	3.616943911841938e-01
182000	-9.224981062943922e+03	4.037082351388359e-01	2.987386551412960e-01	1.753784993504852e-01	1.556930303000538e-01	3.701898152081652e-01
183000	-9.252042152767353e+03	4.320027231650733e-01	2.951063263271521e-01	1.763818097368536e-01	1.609480862271774e-01	3.675637777088170e-01
184000	-9.235289911132655e+03	4.264381417775234e-01	3.049570713615388e-01	1.708017836379424e-01	1.566773672917018e-01	3.675637777088170e-01
185000	-9.244303539377901e+03	4.165538842803089e-01	3.041423389401238e-01	1.709264890384193e-01	1.584322700901448e-01	3.664989019313121e-01
186000	-9.242338367809611e+03	4.103190087468389e-01	2.956962667258979e-01	1.753604964080725e-01	1.559128858188626e-01	3.730303510471671e-01
187000	-9.235175854286321e+03	4.187483285746398e-01	2.920768007148652e-01	1.782096575151858e-01	1.538583526450749e-01	3.758551891248741e-01
188000	-9.248565107887629e+03	4.073721174510340e-01	2.912669205363095e-01	1.747439298743415e-01	1.577135749080033e-01	3.762755746813457e-01
189000	-9.243072736887942e+03	4.050461508082428e-01	2.988035090975827e-01	1.668812287777750e-01	1.565853489080568e-01	3.777299132165854e-01
190000	-9.235687994743144e+03	4.131460087742816e-01	2.884219282832235e-01	1.784358327393026e-01	1.709317035366550e-01	3.622105354408189e-01
191000	-9.237603714079289e+03	4.225455277833030e-01	2.922964298557248e-01	1.757657704415048e-01	1.593371123789374e-01	3.726006873238332e-01
192000	-9.250470874593328e+03	4.250240621336984e-01	2.950661778696132e-01	1.757657704415048e-01	1.593371123789374e-01	3.698309393099448e-01
193000	-9.249891943621449e+03	4.265564691787470e-01	2.940359015101491e-01	1.713002552653525e-01	1.696672023222577e-01	3.649966409022407e-01
194000	-9.238716576714136e+03	4.051264752048256e-01	2.940359015101491e-01	1.713002552653525e-01	1.704528910376810e-01	3.642109521868174e-01
195000	-9.253018701359108e+03	4.307312420618497e-01	2.950928433350463e-01	1.743104393106454e-01	1.584517897419410e-01	3.721449276123672e-01
196000	-9.256407403910878e+03	4.145366556757415e-01	2.851072599212002e-01	1.755875332275814e-01	1.615622503705039e-01	3.777429564807145e-01
197000	-9.254546177160175e+03	4.625322831504710e-01	2.990574521661400e-01	1.649488099984912e-01	1.692250475404088e-01	3.667686902949600e-01
198000	-9.237595040667304e+03	4.198319190213165e-01	2.990574521661400e-01	1.649488099984912e-01	1.692250475404088e-01	3.667686902949600e-01
199000	-9.232991609420593e+03	4.097307645780535e-01	2.847608643501031e-01	1.649488099984912e-01	1.715250001801228e-01	3.787653254712831e-01
200000	-9.242291401274444e+03	4.235868443117277e-01	2.826759780777898e-01	1.816394020032840e-01	1.713581395806641e-01	3.643264803382624e-01
201000	-9.236619546469115e+03	4.098613414590170e-01	2.876972612743089e-01	1.653506268765099e-01	1.685476243332673e-01	3.784044875159141e-01
202000	-9.241744786403742e+03	4.130505850715945e-01	2.927344442644298e-01	1.668297849422799e-01	1.648173416741717e-01	3.756184291191186e-01
203000	-9.248279708061034e+03	4.093685385676676e-01	2.927344442644298e-01	1.668297849422799e-01	1.648173416741717e-01	3.756184291191186e-01
204000	-9.246785701458453e+03	4.238031137202944e-01	2.927344442644298e-01	1.668297849422799e-01	1.648173416741717e-01	3.756184291191186e-01
205000	-9.244295375973827e+03	4.357763715516768e-01	2.908805459324606e-01	1.761410581435233e-01	1.614477908492625e-01	3.715306050747537e-01
206000	-9.247523392495110e+03	4.221194880995414e-01	2.975851468603702e-01	1.713626507825745e-01	1.595215972823016e-01	3.715306050747537e-01
207000	-9.227923216508447e+03	3.994055075670528e-01	2.890703646987991e-01	1.775948158365953e-01	1.625301141304652e-01	3.708047053341404e-01
208000	-9.258391242637370e+03	4.344461939212144e-01	2.982999917674646e-01	1.741393821895585e-01	1.606511066319312e-01	3.669095194110458e-01
209000	-9.237617498027694e+03	4.100747050251078e-01	2.960028876230636e-01	1.694832936655423e-01	1.678633178714171e-01	3.666505008399770e-01
210000	-9.227474931387624e+03	3.799673231755896e-01	2.960028876230636e-01	1.740400565243269e-01	1.633065550126324e-01	3.666505008399770e-01
211000	-9.244918368588593e+03	3.960258849489522e-01	2.846776778312566e-01	1.745258592798703e-01	1.638394996073958e-01	3.769569632814773e-01
212000	-9.256856306098600e+03	4.234178176487061e-01	2.893147549436251e-01	1.685811049721753e-01	1.651471768027223e-01	3.769569632814773e-01
213000	-9.244416468231821e+03	4.167924408840091e-01	2.808715417018191e-01	1.746526811221716e-01	1.634320865239057e-01	3.810436906521035e-01
214000	-9.231358306245716e+03	4.211358075491618e-01	3.031550064131295e-01	1.623818748767463e-01	1.659594254239382e-01	3.685036932861861e-01
215000	-9.238643203797157e+03	4.225260530514968e-01	2.763688297138122e-01	1.757225258905125e-01	1.624317096821412e-01	3.854769347135339e-01
216000	-9.244293040721534e+03	4.272374872288127e-01	2.946974902720881e-01	1.751627236797606e-01	1.573515533823809e-01	3.727882326657706e-01
217000	-9.235814390192558e+03	4.336788115665078e-01	3.008204859218044e-01	1.673248104350570e-01	1.661918941954193e-01	3.656628094477192e-01
218000	-9.207015310640807e+03	4.181235207033454e-01	2.982263060723812e-01	1.683606105484292e-01	1.675730751366145e-01	3.658400082425750e-01
219000	-9.234325369681203e+03	3.969842339542317e-01	2.917908720031073e-01	1.685919074752769e-01	1.638271756468262e-01	3.757900448747896e-01
220000	-9.256203967338644e+03	3.959813147046065e-01	2.952313366847882e-01	1.716980660805483e-01	1.649957920939531e-01	3.680748051407104e-01
221000	-9.230592890776632e+03	3.845578889651426e-01	2.941443441474509e-01	1.703557553587519e-01	1.511216931969741e-01	3.843782072968229e-01
222000	-9.236541204288660e+03	4.011803226096604e-01	2.875031854318166e-01	1.700466122099838e-01	1.666788258069085e-01	3.757713765512912e-01
223000	-9.231574839921781e+03	4.163441785407010e-01	2.937755349038753e-01	1.700466122099838e-01	1.649418809819060e-01	3.712359719042350e-01
224000	-9.228369615597419e+03	4.102046786422641e-01	2.920539612128071e-01	1.711525085201548e-01	1.660606094663533e-01	3.707329208006848e-01
225000	-9.256351796062434e+03	4.218645832970853e-01	2.829686850211768e-01	1.738138499536826e-01	1.683998748112417e-01	3.748175902138988e-01
226000	-9.254280634289928e+03	4.435378850653361e-01	2.912877314726272e-01	1.797822959359337e-01	1.624022669895446e-01	3.665277056018944e-01
227000	-9.235854309484017e+03	4.244187541019269e-01	3.009502897432385e-01	1.729709620824000e-01	1.595510425724672e-01	3.665277056018944e-01
228000	-9.236776767790938e+03	4.206549317362049e-01	3.084746432735080e-01	1.690789703058992e-01	1.551229770378994e-01	3.673234093826934e-01
229000	-9.229625994605101e+03	4.166858782367995e-01	2.976036751809015e-01	1.704741109290522e-01	1.660019313942692e-01	3.659202824957772e-01
230000	-9.218614595748386e+03	4.136418593524816e-01	3.013631524711434e-01	1.696777404342887e-01	1.621644567543933e-01	3.667946503401746e-01
231000	-9.243781509829685e+03	4.133338965270461e-01	2.892158741445389e-01	1.792243041626039e-01	1.621644567543933e-01	3.693953649384638e-01
232000	-9.251535328928112e+03	4.359571250320300e-01	2.824609251080719e-01	1.741762749633227e-01	1.688680125628466e-01	3.744947873657588e-01
233000	-9.245524814643964e+03	4.079093737402147e-01	2.970652447328792e-01	1.744711055380772e-01	1.539688623632849e-01	3.744947873657588e-01
234000	-9.245609440144377e+03	4.208201835077601e-01	3.022348440217036e-01	1.651680644247757e-01	1.663601008538008e-01	3.662369906997199e-01
235000	-9.259019585879645e+03	4.209392194323169e-01	2.816505353286083e-01	1.607302120384352e-01	1.643586933701768e-01	3.932605592627796e-01
236000	-9.247808666436085e+03	4.077760863889925e-01	2.980360148011376e-01	1.498874526670002e-01	1.751638509855575e-01	3.769126815463047e-01
237000	-9.237898177090945e+03	3.991778046827822e-01	2.976064767562256e-01	1.704525902099113e-01	1.545987134426464e-01	3.773422195912167e-01
238000	-9.245500919958700e+03	4.146618171715696e-01	2.928245290045818e-01	1.676690106907591e-01	1.697407645459835e-01	3.697656957586755e-01
239000	-9.262918549289921e+03	4.292710009401825e-01	2.928245290045818e-01	1.749288353044472e-01	1.582806273449233e-01	3.739660083460477e-01
240000	-9.246926964086044e+03	4.234025123781502e-01	2.916241726776085e-01	1.729369529373027e-01	1.717465072310385e-01	3.636923671540501e-01
241000	-9.231728534907879e+03	4.010565528736943e-01	2.990259094302931e-01	1.607192860518528e-01	1.784523043539160e-01	3.618025001639382e-01
242000	-9.252573721828367e+03	4.420317591571893e-01	2.834004296810557e-01	1.714164226159627e-01	1.791548781886094e-01	3.660282695143725e-01
243000	-9.253018947621540e+03	4.464036552034018e-01	2.821073206825973e-01	1.838562587973159e-01	1.655265410024993e-01	3.685098795175877e-01
244000	-9.237977644211602e+03	4.255968636257325e-01	3.050857806567605e-01	1.676150620205974e-01	1.654534182348085e-01	3.618457390878336e-01
245000	-9.237070040400436e+03	4.404209763281645e-01	2.992139938838277e-01	1.815282073734482e-01	1.654534182348085e-01	3.538043805079156e-01
246000	-9.242165957578740e+03	4.310560037837159e-01	2.992139938838277e-01	1.674488491133436e-01	1.654534182348085e-01	3.678837387680202e-01
247000	-9.258570124209049e+03	4.312682863286730e-01	2.944275283359648e-01	1.722353146612065e-01	1.654534182348085e-01	3.678837387680202e-01
248000	-9.254651934903253e+03	4.088159904877324e-01	2.956573247482341e-01	1.755694940367311e-01	1.658733711176437e-01	3.628998100973911e-01
249000	-9.252596792228847e+03	4.279938534298410e-01	2.900956304865043e-01	1.702274804538898e-01	1.612039026068483e-01	3.784729864527576e-01
250000	-9.263620775149910e+03	4.197789385546251e-01	3.093190329309742e-01	1.703804197009797e-01	1.574287161664643e-01	3.628718312015820e-01
251000	-9.262891878927841e+03	4.431353799675188e-01	3.090595510764780e-01	1.691244201213591e-01	1.595761442696477e-01	3.622398845325152e-01
252000	-9.265527059569073e+03	3.991871754859197e-01	2.928286650306278e-01	1.713999349788892e-01	1.622476864156049e-01	3.735237135748782e-01
253000	-9.258030808550255e+03	4.265914291769854e-01	2.973757658130227e-01	1.683342305564573e-01	1.692207043707215e-01	3.650692992597987e-01
254000	-9.273571051628820e+03	4.237066460134323e-01	2.906738906380997e-01	1.748089929398458e-01	1.683966217505810e-01	3.661204946714733e-01
255000	-9.255852684533367e+03	4.295787181415362e-01	2.946444523655668e-01	1.668730857661077e-01	1.630630593691914e-01	3.754194024991341e-01
256000	-9.244219160939454e+03	4.154290904438673e-01	3.000804169095926e-01	1.654752408962045e-01	1.739275438945636e-01	3.605167982996392e-01
257000	-9.245713069581790e+03	4.102717431203728e-01	2.970240520616658e-01	1.672390106246605e-01	1.663271621935651e-01	3.694097751201087e-01
258000	-9.264833151630228e+03	4.285227147199148e-01	3.062427243433167e-01	1.685999968320349e-01	1.646867418098552e-01	3.604705370147931e-01
259000	-9.264632158844601e+03	4.372667470753239e-01	3.005370321818913e-01	1.746360591378318e-01	1.587806402195938e-01	3.660462684606831e-01
260000	-9.228416129490723e+03	3.934105135939289e-01	3.026160133214186e-01	1.758309148583926e-01	1.593452154049181e-01	3.622078564152707e-01
261000	-9.244983030069550e+03	4.159035273986770e-01	3.001585052806720e-01	1.647971997951462e-01	1.632131413057174e-01	3.718311536184645e-01
262000	-9.234593029537005e+03	4.071668380034296e-01	2.961590453850164e-01	1.653567192888371e-01	1.633502656242749e-01	3.751339697018717e-01
263000	-9.235575116801345e+03	4.155699602895953e-01	3.119453938892594e-01	1.601971886295314e-01	1.640692070030792e-01	3.637882104781300e-01
264000	-9.221158472689016e+03	3.943959595850700e-01	2.891605096946023e-01	1.800526365999293e-01	1.692194202020800e-01	3.615674335033886e-01
265000	-9.233089749609588e+03	4.159513094778736e-01	3.055403949213135e-01	1.675696876880870e-01	1.566229455317502e-01	3.702669718588494e-01
266000	-9.250032258573472e+03	4.026221284838498e-01	3.055403949213135e-01	1.644200427093764e-01	1.652578857531049e-01	3.647816766162053e-01
267000	-9.253448663852749e+03	4.264493157767911e-01	2.992000491308452e-01	1.589572838343233e-01	1.770609904186263e-01	3.647816766162053e-01
268000	-9.254347855006195e+03	3.978415768384679e-01	2.958175596898562e-01	1.755235121572720e-01	1.621504500222554e-01	3.665084781306164e-01
269000	-9.270255343853994e+03	4.013087946846238e-01	2.870648643084765e-01	1.755235121572720e-01	1.610396519741547e-01	3.763719715600967e-01
270000	-9.264992862039273e+03	4.191669449773345e-01	3.031032365060012e-01	1.588070587024809e-01	1.640463158918724e-01	3.740433888996456e-01
271000	-9.256312743318918e+03	3.971877388430087e-01	3.012369115358859e-01	1.688077328730647e-01	1.515861554103372e-01	3.783692001807122e-01
272000	-9.275159300958923e+03	4.257014855360492e-01	2.922044918465512e-01	1.829031159207129e-01	1.594838588283565e-01	3.654085334043795e-01
273000	-9.232793887033065e+03	3.907388517170487e-01	3.007455849773801e-01	1.652164250909836e-01	1.629335530859056e-01	3.711044368457308e-01
274000	-9.241145378679183e+03	3.989042498898204e-01	2.789730282074172e-01	1.681192903185046e-01	1.772188929752066e-01	3.756887884988717e-01
275000	-9.237761100353502e+03	4.170641643320540e-01	2.954207142190716e-01	1.639987812216855e-01	1.728394356371900e-01	3.677410689220531e-01
276000	-9.263770671680722e+03	4.241704107741717e-01	2.893145271090460e-01	1.760553999488358e-01	1.651154001742344e-01	3.695146727678839e-01
277000	-9.260238423177301e+03	4.379060225970168e-01	2.942776319883726e-01	1.760553999488358e-01	1.601522952949077e-01	3.695146727678839e-01
278000	-9.247702935096435e+03	4.205600839360731e-01	2.987530538836397e-01	1.758823333453697e-01	1.649726148378107e-01	3.603919979331799e-01
279000	-9.249354981554134e+03	4.154019745781867e-01	2.863883901961312e-01	1.690477713163575e-01	1.695928687654800e-01	3.749709697220314e-01
280000	-9.265576595828645e+03	4.156600754530209e-01	3.011463303074797e-01	1.744326059475169e-01	1.557563703523314e-01	3.686646933926721e-01
281000	-9.223332289432392e+03	4.041237960319857e-01	2.892343588846210e-01	1.703597789609803e-01	1.690925659706520e-01	3.713132961837468e-01
282000	-9.223544913487282e+03	4.332677062069605e-01	2.932861705263136e-01	1.703750934002098e-01	1.680254958878175e-01	3.683132401856590e-01
283000	-9.230432355461828e+03	4.211368213769837e-01	2.986421150583178e-01	1.703432949086554e-01	1.532590685561293e-01	3.777555214768974e-01
284000	-9.239499893995031e+03	4.265690444213721e-01	2.952067003796595e-01	1.744041345519960e-01	1.575565561199341e-01	3.728326089484106e-01
285000	-9.240950138771166e+03	4.135172755086705e-01	3.066725207805144e-01	1.746952755767485e-01	1.609298479441878e-01	3.577023556985494e-01
