[ID: 5558898589]
Gen	LnL	TL	pi(A)	pi(C)	pi(G)	pi(T)
0	-2.316311938074839e+04	2.229999999999996e+00	2.500000000000000e-01	2.500000000000000e-01	2.500000000000000e-01	2.500000000000000e-01
1000	-1.423292840875784e+04	6.004366007470211e-01	3.068202596071372e-01	1.785635197106085e-01	1.503311562328009e-01	3.642850644494536e-01
2000	-1.194024881529080e+04	5.278279365611949e-01	2.925708244703232e-01	1.736657079749279e-01	1.664731822742833e-01	3.672902852804656e-01
3000	-1.088905022236084e+04	4.380645384254547e-01	2.907295668991516e-01	1.692748816705202e-01	1.643506043399366e-01	3.756449470903918e-01
4000	-1.039097976340805e+04	4.509808907832693e-01	2.808537353514768e-01	1.692748816705202e-01	1.643506043399366e-01	3.855207786380666e-01
5000	-1.016383667862306e+04	4.233389597880597e-01	2.883863963813443e-01	1.687733765430567e-01	1.730905676436759e-01	3.697496594319231e-01
6000	-9.854960220995867e+03	3.967745567784293e-01	3.101717935200693e-01	1.715129274526742e-01	1.655471620796891e-01	3.527681169475675e-01
7000	-9.618492911932492e+03	3.811945748397122e-01	3.001155607093743e-01	1.776047017124483e-01	1.613179363740166e-01	3.609618012041607e-01
8000	-9.529563870489175e+03	4.010677407947369e-01	3.073723381390293e-01	1.702062613436730e-01	1.662327033374690e-01	3.561886971798287e-01
9000	-9.430599714208023e+03	4.080850748076173e-01	3.073723381390293e-01	1.613723881936416e-01	1.593863789311574e-01	3.718688947361717e-01
10000	-9.422339196576791e+03	4.226020430516106e-01	2.960359099393893e-01	1.628218449806388e-01	1.753036386211741e-01	3.658386064587978e-01
11000	-9.341770650708886e+03	4.213002874009769e-01	2.890230165047500e-01	1.739685565016666e-01	1.725765644459733e-01	3.644318625476101e-01
12000	-9.288095880211602e+03	4.041461907931218e-01	2.842808646756148e-01	1.726482152526680e-01	1.689259889358884e-01	3.741449311358288e-01
13000	-9.284185290137366e+03	4.036423674479697e-01	2.920404469975241e-01	1.616164202451244e-01	1.760684889473865e-01	3.702746438099650e-01
14000	-9.289000465956091e+03	4.101908957503522e-01	3.004856297094059e-01	1.702084667267973e-01	1.688262745114343e-01	3.604796290523626e-01
15000	-9.290229698389809e+03	4.194076244062899e-01	3.004856297094059e-01	1.657283270564308e-01	1.635409815504549e-01	3.702450616837085e-01
16000	-9.287916818046057e+03	4.103515966548794e-01	2.950098787046210e-01	1.673238776307441e-01	1.691891728852613e-01	3.684770707793739e-01
17000	-9.276513109585756e+03	4.083665157540359e-01	2.936894887168983e-01	1.684142117843680e-01	1.673701863546513e-01	3.705261131440823e-01
18000	-9.253361035474130e+03	4.014979996598702e-01	3.003692084553103e-01	1.733754414998560e-01	1.612291523469607e-01	3.650261976978731e-01
19000	-9.243559473843501e+03	3.990179533484487e-01	2.832687711237531e-01	1.759770612098831e-01	1.725641667404902e-01	3.681900009258737e-01
20000	-9.250548323058654e+03	4.335355689655684e-01	2.922538294394205e-01	1.751623762473735e-01	1.604302915778731e-01	3.721535027353327e-01
21000	-9.239525610472207e+03	4.220825983504517e-01	2.922538294394205e-01	1.772158229184155e-01	1.583768449068311e-01	3.721535027353327e-01
22000	-9.238860376138980e+03	4.099278813260673e-01	3.029374964398869e-01	1.642126213658964e-01	1.664553270994717e-01	3.663945550947449e-01
23000	-9.254330049867620e+03	4.202659581600114e-01	2.964569605828382e-01	1.723754119272280e-01	1.738881768515590e-01	3.572794506383750e-01
24000	-9.238324008503059e+03	3.941170493303384e-01	2.960208829584252e-01	1.730486175312616e-01	1.620904772397214e-01	3.688400222705916e-01
25000	-9.255552863891586e+03	4.040794452622878e-01	2.960208829584252e-01	1.730486175312616e-01	1.628282778234212e-01	3.681022216868918e-01
26000	-9.255548282802398e+03	3.948717974179346e-01	3.067421864578715e-01	1.665212357153146e-01	1.606357791620636e-01	3.661007986647503e-01
27000	-9.267032238427946e+03	3.949333551361446e-01	2.881067955354211e-01	1.740140280845372e-01	1.663138274850855e-01	3.715653488949563e-01
28000	-9.253831117100512e+03	4.214586028511331e-01	3.064256745847989e-01	1.661802547526350e-01	1.657047735498837e-01	3.616892971126825e-01
29000	-9.275097199458934e+03	4.199029249167051e-01	3.025264134903211e-01	1.722066765081346e-01	1.679477220685725e-01	3.573191879329717e-01
30000	-9.270259157489731e+03	4.439511284578818e-01	2.990894859400313e-01	1.748446373243562e-01	1.652758556768672e-01	3.607900210587451e-01
31000	-9.255550292873890e+03	3.905941325539489e-01	2.990894859400313e-01	1.748446373243562e-01	1.652758556768672e-01	3.607900210587451e-01
32000	-9.269077367146077e+03	4.172004234037515e-01	2.896132942903122e-01	1.784149693237757e-01	1.720756150637881e-01	3.598961213221239e-01
33000	-9.268148092549696e+03	4.084659815984934e-01	2.998976554237237e-01	1.752042686631764e-01	1.584874361519800e-01	3.664106397611198e-01
34000	-9.251981391886480e+03	3.944238848897216e-01	2.958126077273278e-01	1.752042686631764e-01	1.560000760565653e-01	3.729830475529305e-01
35000	-9.246510012524852e+03	4.213124351164349e-01	2.958126077273278e-01	1.702395447301021e-01	1.605859998159641e-01	3.733618477266060e-01
36000	-9.253756130087890e+03	4.514183847799051e-01	2.878585173319088e-01	1.752815388259393e-01	1.705544008439866e-01	3.663055429981654e-01
37000	-9.219858903966933e+03	4.142804270137945e-01	2.878585173319088e-01	1.704747525992240e-01	1.753611870707019e-01	3.663055429981654e-01
38000	-9.238200328776305e+03	4.151488352722998e-01	2.926574929670109e-01	1.709482902740215e-01	1.677968006072403e-01	3.685974161517274e-01
39000	-9.243366826526279e+03	4.312154751809585e-01	2.921366704969692e-01	1.694094366590527e-01	1.683176230772820e-01	3.701362697666961e-01
40000	-9.227725861051404e+03	4.161381496796597e-01	2.970247978929770e-01	1.645213092630450e-01	1.683176230772820e-01	3.701362697666961e-01
41000	-9.257769268374977e+03	4.460861986882885e-01	3.003791778785038e-01	1.679895023445818e-01	1.648494299957452e-01	3.667818897811693e-01
42000	-9.247822801710969e+03	4.138006949625447e-01	3.056743246547413e-01	1.700047717135402e-01	1.611624108425073e-01	3.631584927892113e-01
43000	-9.237823002524086e+03	4.115251453060065e-01	3.056743246547413e-01	1.700047717135402e-01	1.611624108425073e-01	3.631584927892113e-01
44000	-9.244117127979032e+03	4.286338790151000e-01	2.898934221234998e-01	1.734773729633161e-01	1.700869607232257e-01	3.665422441899584e-01
45000	-9.243003310121656e+03	4.128792069544813e-01	3.090084031258249e-01	1.641545692508278e-01	1.752542137836215e-01	3.515828138397258e-01
46000	-9.220599775281831e+03	4.123808504509144e-01	3.075878086565826e-01	1.630470587166616e-01	1.604954058456982e-01	3.688697267810575e-01
47000	-9.243722637794612e+03	4.275720729906561e-01	3.016429620726194e-01	1.783326250843817e-01	1.559427907898846e-01	3.640816220531143e-01
48000	-9.269548567506146e+03	4.236852730396081e-01	2.911640281714283e-01	1.689648689244769e-01	1.623866918985446e-01	3.774844110055501e-01
49000	-9.245047375413449e+03	4.010498806447473e-01	2.954492917100370e-01	1.813374039866557e-01	1.696165541191956e-01	3.535967501841117e-01
50000	-9.240105949548206e+03	3.957466455496897e-01	2.962355251638856e-01	1.805511705328071e-01	1.696165541191956e-01	3.535967501841117e-01
51000	-9.226886999026117e+03	4.003925238783783e-01	2.962355251638856e-01	1.805511705328071e-01	1.602969954345804e-01	3.629163088687268e-01
52000	-9.224871553389168e+03	4.008078433617617e-01	2.962355251638856e-01	1.805511705328071e-01	1.602969954345804e-01	3.629163088687268e-01
53000	-9.231647129646190e+03	4.431207592766892e-01	2.938858961428458e-01	1.721586630179554e-01	1.626466244556203e-01	3.713088163835785e-01
54000	-9.207767468844873e+03	4.275287436851393e-01	2.934016677717947e-01	1.744724407006443e-01	1.684787486111547e-01	3.636471429164063e-01
55000	-9.222417677684034e+03	4.235647822859768e-01	2.995253420663523e-01	1.719854970779677e-01	1.576931026522676e-01	3.707960582034122e-01
56000	-9.237453623352918e+03	4.260414082603151e-01	2.884307484541825e-01	1.736225869038053e-01	1.671875430076211e-01	3.707591216343910e-01
57000	-9.250790551840490e+03	4.258882845479695e-01	2.938339147541837e-01	1.737604035588486e-01	1.687980880618794e-01	3.636075936250881e-01
58000	-9.266370183793373e+03	4.543701883125888e-01	2.979039209192194e-01	1.725820649332628e-01	1.587201743158260e-01	3.707938398316918e-01
59000	-9.256083081676737e+03	4.189219366587741e-01	2.882881484298315e-01	1.682046267165148e-01	1.707497164579655e-01	3.727575083956881e-01
60000	-9.238197735584055e+03	4.028635380963619e-01	2.893763156043249e-01	1.708494340358869e-01	1.753320957091990e-01	3.644421546505890e-01
61000	-9.254912182659966e+03	4.373010100997779e-01	2.893763156043249e-01	1.708494340358869e-01	1.656061270777741e-01	3.741681232820140e-01
62000	-9.249133066717897e+03	4.199191201462215e-01	2.962304419914994e-01	1.708494340358869e-01	1.587520006905996e-01	3.741681232820140e-01
63000	-9.242271602869880e+03	4.547240901703318e-01	2.956474243068424e-01	1.723998898592763e-01	1.620697858066519e-01	3.698829000272294e-01
64000	-9.246861535384338e+03	4.244351769544427e-01	2.824438546575015e-01	1.856034595086172e-01	1.693295734974923e-01	3.626231123363891e-01
65000	-9.257386487625612e+03	4.152325210263051e-01	2.827737725448060e-01	1.856034595086172e-01	1.640079578614676e-01	3.676148100851093e-01
66000	-9.254690356812182e+03	4.256622979222190e-01	2.866010471143827e-01	1.739510673685830e-01	1.749070118607529e-01	3.645408736562815e-01
67000	-9.233880995999369e+03	4.060498977959029e-01	2.832124674446047e-01	1.713633911946429e-01	1.713307082343633e-01	3.740934331263892e-01
68000	-9.230322051360017e+03	4.181453356537279e-01	2.923608268642512e-01	1.715581770261774e-01	1.619875629831822e-01	3.740934331263892e-01
69000	-9.233445200042417e+03	4.233855312447999e-01	2.923608268642512e-01	1.715581770261774e-01	1.652384774109819e-01	3.708425186985895e-01
70000	-9.221764693112751e+03	4.094619558958635e-01	2.991882390789087e-01	1.684677781196646e-01	1.625066549618565e-01	3.698373278395700e-01
71000	-9.236765991717170e+03	4.174355437711373e-01	2.942269001452171e-01	1.734291170533562e-01	1.565329710048444e-01	3.758110117965821e-01
72000	-9.243277326880920e+03	4.260510888457508e-01	2.940619180066240e-01	1.652030036627186e-01	1.666796782249309e-01	3.740554001057266e-01
73000	-9.232497642884740e+03	3.848731252774291e-01	2.995169978778891e-01	1.667928505779788e-01	1.675382845370813e-01	3.661518670070507e-01
74000	-9.266535324114078e+03	4.144794223000806e-01	2.963330986788952e-01	1.613608343058267e-01	1.775391075387523e-01	3.647669594765258e-01
75000	-9.265896910279145e+03	4.180420262647327e-01	2.945479854590083e-01	1.641261056657894e-01	1.662126447974959e-01	3.751132640777063e-01
76000	-9.256086510164350e+03	4.223393580987764e-01	2.964751237478597e-01	1.816178002491227e-01	1.624584822753113e-01	3.594485937277062e-01
77000	-9.277743157209543e+03	4.455468629362091e-01	2.896044949706842e-01	1.785848039905645e-01	1.608591679273180e-01	3.709515331114334e-01
78000	-9.250716552239506e+03	4.345905961007728e-01	2.910292229721168e-01	1.801109300295878e-01	1.579083138868621e-01	3.709515331114334e-01
79000	-9.249159001656471e+03	3.954456158173589e-01	2.910292229721168e-01	1.744625892460237e-01	1.635566546704263e-01	3.709515331114334e-01
80000	-9.249026985597395e+03	3.953280959064753e-01	2.910292229721168e-01	1.744625892460237e-01	1.610679268032344e-01	3.734402609786252e-01
81000	-9.269545097760392e+03	4.008836296661055e-01	2.975227573949632e-01	1.760857418468545e-01	1.651170328302534e-01	3.612744679279289e-01
82000	-9.255388350940118e+03	4.221345058809674e-01	2.962571283264138e-01	1.785619597114908e-01	1.604523730513422e-01	3.647285389107532e-01
83000	-9.275648851522132e+03	4.333202576808602e-01	2.999303712395858e-01	1.720058814765398e-01	1.638241113417502e-01	3.642396359421244e-01
84000	-9.273080438751305e+03	4.394570108424833e-01	2.913618488068335e-01	1.756880244334915e-01	1.601419683847984e-01	3.728081583748767e-01
85000	-9.263726555698468e+03	4.113030837609526e-01	2.988769674514780e-01	1.756880244334915e-01	1.601419683847984e-01	3.652930397302323e-01
86000	-9.271563256085481e+03	4.201165860719828e-01	2.999110436422631e-01	1.605075785705075e-01	1.610669534019482e-01	3.785144243852814e-01
87000	-9.251344730571831e+03	4.217440908667109e-01	3.025141729521297e-01	1.710640502025606e-01	1.578313040106536e-01	3.685904728346562e-01
88000	-9.272725239696698e+03	4.401630697846839e-01	3.108840931538936e-01	1.714162572498390e-01	1.605606566484923e-01	3.571389929477750e-01
89000	-9.259524907063073e+03	4.499676946126114e-01	2.954002960076533e-01	1.665493663329294e-01	1.665238231421855e-01	3.715265145172320e-01
90000	-9.239058599403721e+03	4.101265003976720e-01	3.010255807040618e-01	1.779508928351752e-01	1.661305963725654e-01	3.548929300881978e-01
91000	-9.246321507335433e+03	3.976045259782789e-01	3.066527236575317e-01	1.634411797675724e-01	1.620895722904868e-01	3.678165242844091e-01
92000	-9.233216171179718e+03	4.101359749215892e-01	3.077575937848860e-01	1.729671319231910e-01	1.578906521099724e-01	3.613846221819507e-01
93000	-9.268544206347706e+03	4.283395993800572e-01	2.973682716134804e-01	1.678263467821018e-01	1.744607009789877e-01	3.603446806254301e-01
94000	-9.257239453306667e+03	4.048872005926920e-01	2.810320805815666e-01	1.678263467821018e-01	1.681065415956267e-01	3.830350310407050e-01
95000	-9.247647300586923e+03	4.106793287348330e-01	2.945354216150742e-01	1.711056859115909e-01	1.574247355798687e-01	3.769341568934664e-01
96000	-9.255618468378303e+03	4.171894189203924e-01	2.945354216150742e-01	1.692550671104875e-01	1.592753543809721e-01	3.769341568934664e-01
97000	-9.256963100338040e+03	4.282432255352616e-01	2.899255309870639e-01	1.694823942278034e-01	1.592753543809721e-01	3.813167204041608e-01
98000	-9.261193009723058e+03	3.997276772995466e-01	2.899255309870639e-01	1.694823942278034e-01	1.592753543809721e-01	3.813167204041608e-01
99000	-9.265846546442253e+03	4.185402375067542e-01	2.955216836363337e-01	1.694823942278034e-01	1.592753543809721e-01	3.757205677548909e-01
100000	-9.260564153453935e+03	4.127818066711957e-01	2.993640788386326e-01	1.628552654172858e-01	1.693809822527153e-01	3.683996734913663e-01
101000	-9.266461359985064e+03	4.273523709430094e-01	2.987876597754441e-01	1.668455728549654e-01	1.632029945724254e-01	3.711637727971651e-01
102000	-9.255880607694016e+03	4.070266993903703e-01	2.962845462624968e-01	1.668455728549654e-01	1.657061080853727e-01	3.711637727971651e-01
103000	-9.262707102490225e+03	3.969155555612367e-01	3.022904607161022e-01	1.608396584013600e-01	1.564507615866558e-01	3.804191192958820e-01
104000	-9.238637667089362e+03	4.142167440538729e-01	2.984091870389105e-01	1.723402992117137e-01	1.701295162182918e-01	3.591209975310840e-01
105000	-9.224583082199630e+03	4.107324938391417e-01	3.004428335540843e-01	1.806754294698935e-01	1.511785942536648e-01	3.677031427223574e-01
106000	-9.224544941197992e+03	4.058215216534132e-01	2.911079330524227e-01	1.686823730847675e-01	1.720569224168633e-01	3.681527714459466e-01
107000	-9.212671566349327e+03	4.072352623654513e-01	2.883147843200374e-01	1.739477215591517e-01	1.727320282957472e-01	3.650054658250637e-01
108000	-9.248405381378818e+03	4.658212132130857e-01	2.907900863655160e-01	1.697831142066618e-01	1.655572391875262e-01	3.738695602402961e-01
109000	-9.228786061736373e+03	4.290267888952944e-01	2.946482362405700e-01	1.697831142066618e-01	1.616990893124721e-01	3.738695602402961e-01
110000	-9.243995325752785e+03	4.409366364491056e-01	2.896235546395888e-01	1.750566883197400e-01	1.614501968003752e-01	3.738695602402961e-01
111000	-9.245871594108252e+03	4.088562628543427e-01	2.936253626239551e-01	1.750566883197400e-01	1.614501968003752e-01	3.698677522559298e-01
112000	-9.258876792003899e+03	4.005706371420777e-01	3.105013308055265e-01	1.598260955038459e-01	1.585269986575731e-01	3.711455750330544e-01
113000	-9.240166489071000e+03	4.094606332862578e-01	3.105013308055265e-01	1.659943757272410e-01	1.684273807939733e-01	3.550769126732590e-01
114000	-9.240859371936591e+03	3.924963647839098e-01	2.835853719088381e-01	1.843961983167437e-01	1.629784039325848e-01	3.690400258418333e-01
115000	-9.263365988557965e+03	4.154213950466809e-01	2.869154204856082e-01	1.751474656138171e-01	1.784678794507640e-01	3.594692344498106e-01
116000	-9.255946213205501e+03	4.290904971877702e-01	3.047679805669010e-01	1.667531818507953e-01	1.716454786430552e-01	3.568333589392486e-01
117000	-9.291711691693243e+03	4.257149189357833e-01	2.915329365717638e-01	1.746865230605907e-01	1.671182208116838e-01	3.666623195559617e-01
118000	-9.250214882323289e+03	4.320062994805897e-01	2.967003103333146e-01	1.716187365457643e-01	1.699889627837377e-01	3.616919903371833e-01
119000	-9.244324700392195e+03	4.383069283563017e-01	2.967003103333146e-01	1.716251858012540e-01	1.699889627837377e-01	3.616855410816937e-01
120000	-9.254061728018936e+03	4.542649077916271e-01	2.982942218376306e-01	1.700961694081012e-01	1.588034741758967e-01	3.728061345783715e-01
121000	-9.247716995657995e+03	4.411959567234616e-01	2.933327151427715e-01	1.735903403387598e-01	1.655088659338231e-01	3.675680785846454e-01
122000	-9.243596872465798e+03	4.120852520876079e-01	2.933327151427715e-01	1.711999693881872e-01	1.678992368843958e-01	3.675680785846454e-01
123000	-9.256217689893709e+03	3.926446143864425e-01	2.827165105410099e-01	1.802663919435588e-01	1.709984700204884e-01	3.660186274949428e-01
124000	-9.252316125656376e+03	3.950677341591913e-01	2.907108398872527e-01	1.790917356823219e-01	1.552825331866317e-01	3.749148912437937e-01
125000	-9.250449254323450e+03	4.081677961513731e-01	2.819101611743603e-01	1.772847575717885e-01	1.637125658853263e-01	3.770925153685248e-01
126000	-9.252777456556109e+03	3.949151072992178e-01	2.796308164926865e-01	1.772847575717885e-01	1.659919105670001e-01	3.770925153685248e-01
127000	-9.239371312047993e+03	3.948143707454639e-01	2.858052985914070e-01	1.711102754730679e-01	1.659919105670001e-01	3.770925153685248e-01
128000	-9.234336388718924e+03	3.820711353115932e-01	3.076637781237544e-01	1.665992109138073e-01	1.553891933555883e-01	3.703478176068499e-01
129000	-9.250849288781876e+03	4.227976427602033e-01	2.946623985014447e-01	1.678176490752011e-01	1.671721348165042e-01	3.703478176068499e-01
130000	-9.223575313375339e+03	3.751508760623273e-01	2.943587299230740e-01	1.701478469429707e-01	1.671721348165042e-01	3.683212883174510e-01
131000	-9.234501054868746e+03	4.190121819978243e-01	2.943587299230740e-01	1.701478469429707e-01	1.631994290484787e-01	3.722939940854765e-01
132000	-9.242043511819944e+03	4.275441890483878e-01	3.046066214608200e-01	1.770345516605224e-01	1.625499975039006e-01	3.558088293747571e-01
133000	-9.240033115296543e+03	4.286653152582780e-01	2.914945604229373e-01	1.770345516605224e-01	1.672477377871638e-01	3.642231501293766e-01
134000	-9.257158943867618e+03	4.121532727600629e-01	2.914945604229373e-01	1.770345516605224e-01	1.672477377871638e-01	3.642231501293766e-01
135000	-9.251667426192338e+03	4.227167587580966e-01	3.072653712064998e-01	1.768286415233200e-01	1.553319656047436e-01	3.605740216654366e-01
136000	-9.247727580283579e+03	4.090068493791701e-01	2.936673672470900e-01	1.756624153706174e-01	1.678004897160161e-01	3.628697276662765e-01
137000	-9.244715533002027e+03	4.069376236845932e-01	2.915226168431777e-01	1.778559114335092e-01	1.770877081372231e-01	3.535337635860900e-01
138000	-9.222134248913790e+03	4.270330786233569e-01	3.008309897975882e-01	1.762856927162521e-01	1.643510101155926e-01	3.585323073705671e-01
139000	-9.218124783567235e+03	4.230087598496869e-01	2.976873390039353e-01	1.818307510107817e-01	1.674484986760494e-01	3.530334113092335e-01
140000	-9.237571698526897e+03	4.263484086356917e-01	2.889951501782469e-01	1.856162851689823e-01	1.607514161708782e-01	3.646371484818925e-01
141000	-9.256458240158016e+03	4.321068173835184e-01	2.948132998687664e-01	1.783530523626032e-01	1.577088865601559e-01	3.691247612084745e-01
142000	-9.254355806112257e+03	4.391633049479250e-01	3.024801557645229e-01	1.706861964668468e-01	1.577088865601559e-01	3.691247612084745e-01
143000	-9.255395885367328e+03	4.377938955503237e-01	3.046742702518699e-01	1.663972253444169e-01	1.653154222408846e-01	3.636130821628287e-01
144000	-9.236957561973491e+03	4.358518341790789e-01	2.975369630042093e-01	1.766231935190478e-01	1.644031624278949e-01	3.614366810488480e-01
145000	-9.252589994258085e+03	4.296799332553647e-01	2.975369630042093e-01	1.766231935190478e-01	1.644031624278949e-01	3.614366810488480e-01
146000	-9.271053387692005e+03	4.655818234656434e-01	2.872932214050100e-01	1.688759077467809e-01	1.683377063766894e-01	3.754931644715199e-01
147000	-9.253968522737219e+03	4.218871813466946e-01	2.939780501832090e-01	1.664204570959000e-01	1.730022223546965e-01	3.665992703661947e-01
148000	-9.290240243894666e+03	4.422860592981609e-01	2.971063034165660e-01	1.767553704522425e-01	1.613122840194224e-01	3.648260421117690e-01
149000	-9.276225323133925e+03	4.522487265960113e-01	2.991441770149849e-01	1.699488788769128e-01	1.657888238649415e-01	3.651181202431608e-01
150000	-9.224791269833469e+03	4.227478648237094e-01	2.870545533516447e-01	1.739378856369385e-01	1.675409331821524e-01	3.714666278292644e-01
151000	-9.223300605012175e+03	4.337855545567996e-01	2.918289556012436e-01	1.744456153195188e-01	1.562269470224202e-01	3.774984820568175e-01
152000	-9.239340573720057e+03	4.439111097852673e-01	2.974595458040350e-01	1.698929001755060e-01	1.688133366146560e-01	3.638342174058030e-01
153000	-9.234678937299886e+03	4.025563979735172e-01	2.918329977124591e-01	1.698929001755060e-01	1.672001841714408e-01	3.710739179405940e-01
154000	-9.262032461984549e+03	4.323054172849984e-01	2.902535084715411e-01	1.712916642064481e-01	1.679691699856351e-01	3.704856573363757e-01
155000	-9.260525211321954e+03	4.331479492602448e-01	3.131007054665256e-01	1.733113231146828e-01	1.510099426550615e-01	3.625780287637300e-01
156000	-9.296604858796285e+03	4.427175476967149e-01	2.894463475685442e-01	1.732560637420928e-01	1.680431676915384e-01	3.692544209978245e-01
157000	-9.264155212930666e+03	4.062863591297433e-01	2.977124945092108e-01	1.657709851900552e-01	1.666022097263816e-01	3.699143105743522e-01
158000	-9.267488453631526e+03	4.197448607266983e-01	2.921547988337980e-01	1.759989137415095e-01	1.691898080091827e-01	3.626564794155098e-01
159000	-9.269425935520707e+03	4.317034864396236e-01	2.855767106187216e-01	1.777960727972609e-01	1.774779516232157e-01	3.591492649608019e-01
160000	-9.251978879919319e+03	4.153083162411663e-01	2.858632908867024e-01	1.803122409149678e-01	1.607907146724478e-01	3.730337535258821e-01
161000	-9.264472744621504e+03	4.231679198624531e-01	2.948854115652326e-01	1.803122409149678e-01	1.651964118158404e-01	3.596059357039592e-01
162000	-9.234082318876821e+03	4.136235829040492e-01	2.967390419881306e-01	1.824997034104511e-01	1.598297709254921e-01	3.609314836759262e-01
163000	-9.246305574463509e+03	4.192857170037567e-01	2.906991730545995e-01	1.733611789039119e-01	1.625772881788582e-01	3.733623598626304e-01
164000	-9.229963719037984e+03	4.125182826904776e-01	2.906991730545995e-01	1.710692273215147e-01	1.648692397612554e-01	3.733623598626304e-01
165000	-9.235112957047393e+03	4.307659357003368e-01	2.940442062056315e-01	1.707878109433512e-01	1.615495121503436e-01	3.736184707006737e-01
166000	-9.233489076792530e+03	4.323135843370161e-01	2.821776152557982e-01	1.731233956558192e-01	1.680279727695657e-01	3.766710163188169e-01
167000	-9.212230424561927e+03	4.061293010054044e-01	2.913060752428456e-01	1.673600688683382e-01	1.639177200514241e-01	3.774161358373920e-01
168000	-9.226063796916646e+03	4.303708691757440e-01	2.900540385510674e-01	1.728202011353360e-01	1.610064689759538e-01	3.761192913376428e-01
169000	-9.224740747829490e+03	3.973659256232164e-01	2.900540385510674e-01	1.728202011353360e-01	1.610064689759538e-01	3.761192913376428e-01
170000	-9.223415019152264e+03	3.928885570112191e-01	2.983399975593836e-01	1.676091214819230e-01	1.657427648413021e-01	3.683081161173914e-01
171000	-9.227530430703668e+03	4.005441596667694e-01	2.998898335502029e-01	1.773258300074265e-01	1.637360570098283e-01	3.590482794325424e-01
172000	-9.228805487180836e+03	4.094848487337745e-01	2.998898335502029e-01	1.773258300074265e-01	1.637360570098283e-01	3.590482794325424e-01
173000	-9.247296371913839e+03	4.464695669307075e-01	2.945525925159945e-01	1.784686732248933e-01	1.646615258135097e-01	3.623172084456023e-01
174000	-9.226500118442498e+03	4.127779187304009e-01	2.969256108148404e-01	1.794058558634581e-01	1.637243431749450e-01	3.599441901467564e-01
175000	-9.242876902162589e+03	4.349651583610790e-01	3.016228077174699e-01	1.700759533263440e-01	1.643187369177818e-01	3.639825020384042e-01
176000	-9.271657893336434e+03	4.461769132049749e-01	2.967610778403373e-01	1.773480167123611e-01	1.619084034088973e-01	3.639825020384042e-01
177000	-9.234097940791247e+03	4.081694711250317e-01	2.971971984158906e-01	1.759433582432017e-01	1.603681630375682e-01	3.664912803033394e-01
178000	-9.227519027536466e+03	4.158184535245379e-01	3.005842669220142e-01	1.770627102001518e-01	1.600100803198301e-01	3.623429425580038e-01
179000	-9.222967413740553e+03	4.151708643771725e-01	3.082033867932407e-01	1.777277593992337e-01	1.530022698959475e-01	3.610665839115780e-01
180000	-9.234301178596923e+03	4.133697391547454e-01	2.892005821637295e-01	1.799102866595522e-01	1.557215100143333e-01	3.751676211623850e-01
181000	-9.216781025040020e+03	3.978812978329314e-01	2.906939108740028e-01	1.685749983943307e-01	1.646861540511232e-01	3.760449366805432e-01
182000	-9.222170039074736e+03	4.144990372845813e-01	2.986336154937854e-01	1.649518753065056e-01	1.612597701837164e-01	3.751547390159926e-01
183000	-9.215643944721111e+03	3.970513195027228e-01	2.964993025789773e-01	1.764606706983153e-01	1.518852877067148e-01	3.751547390159926e-01
184000	-9.243183792055306e+03	4.294580057105731e-01	2.955837579053502e-01	1.592846169757334e-01	1.707203235570201e-01	3.744113015618962e-01
185000	-9.253122024826203e+03	4.244681722012663e-01	2.947277098978661e-01	1.630636945642038e-01	1.680571955808443e-01	3.741513999570857e-01
186000	-9.231240964389130e+03	4.192306545384166e-01	2.983869916137327e-01	1.827383602514181e-01	1.544039376563859e-01	3.644707104784634e-01
187000	-9.238595807013111e+03	4.177014411314670e-01	2.865919133862063e-01	1.778121813300340e-01	1.545582396185405e-01	3.810376656652193e-01
188000	-9.235967206483379e+03	4.135194957055763e-01	3.003889860527010e-01	1.778468652349367e-01	1.535807502779384e-01	3.681833984344237e-01
189000	-9.227123624144820e+03	4.224660929303400e-01	2.972814379896968e-01	1.800561107658122e-01	1.607673099952538e-01	3.618951412492371e-01
190000	-9.205368302919536e+03	4.114550904424087e-01	2.913538787849622e-01	1.578086808021793e-01	1.703136293840150e-01	3.805238110288434e-01
191000	-9.235456250357274e+03	4.221612105805219e-01	2.845093486784327e-01	1.833634749805461e-01	1.555641694810810e-01	3.765630068599402e-01
192000	-9.222810898954185e+03	4.047372654965350e-01	3.011290764588823e-01	1.699362566738435e-01	1.555641694810810e-01	3.733704973861931e-01
193000	-9.256291782543229e+03	4.222725479677559e-01	2.966620212651617e-01	1.783177195501076e-01	1.598611465303085e-01	3.651591126544224e-01
194000	-9.261217877158995e+03	4.335306782028668e-01	2.955941571016293e-01	1.783177195501076e-01	1.609290106938409e-01	3.651591126544224e-01
195000	-9.272839607114627e+03	4.427818730075879e-01	2.992879292505992e-01	1.689849280755069e-01	1.639625771887477e-01	3.677645654851464e-01
196000	-9.274300215139248e+03	4.441151721656518e-01	2.896959895313919e-01	1.689849280755069e-01	1.735545169079550e-01	3.677645654851464e-01
197000	-9.246059365186253e+03	4.147761317508735e-01	2.896959895313919e-01	1.804351118066766e-01	1.625829276737518e-01	3.672859709881797e-01
198000	-9.246681519858623e+03	4.221196731139175e-01	2.934425679877989e-01	1.683477449118848e-01	1.658122268228138e-01	3.723974602775026e-01
199000	-9.245888903854699e+03	4.202219955059321e-01	2.910286158073089e-01	1.725450940669226e-01	1.708838502407799e-01	3.655424398849887e-01
200000	-9.243218256575177e+03	4.412868684381663e-01	2.910286158073089e-01	1.725450940669226e-01	1.708838502407799e-01	3.655424398849887e-01
201000	-9.249312147451030e+03	4.193763816711449e-01	2.839522786932260e-01	1.778852909577630e-01	1.577898409608854e-01	3.803725893881255e-01
202000	-9.243160196124929e+03	4.109750309666253e-01	3.056350314255956e-01	1.800630083312048e-01	1.558003751161486e-01	3.585015851270509e-01
203000	-9.256481778322344e+03	4.209705428622120e-01	2.985750818467252e-01	1.758483095480213e-01	1.642190415697959e-01	3.613575670354577e-01
204000	-9.227194227777461e+03	4.023194303396945e-01	2.970728513380674e-01	1.696283495248958e-01	1.566913550063278e-01	3.766074441307089e-01
205000	-9.233858882344655e+03	4.395032576576204e-01	2.970728513380674e-01	1.746374181980732e-01	1.516822863331504e-01	3.766074441307089e-01
206000	-9.243358358765885e+03	4.511683817831129e-01	2.984010054518730e-01	1.760336388892778e-01	1.646190034969058e-01	3.609463521619434e-01
207000	-9.238285641518660e+03	4.164643607553300e-01	2.972992384782881e-01	1.822697713305627e-01	1.615019013777338e-01	3.589290888134153e-01
208000	-9.240486805638453e+03	4.296606779190401e-01	2.947390156778623e-01	1.726935528040795e-01	1.618341645909853e-01	3.707332669270729e-01
209000	-9.258264996039581e+03	4.388023377737820e-01	2.912412769776466e-01	1.764563354675383e-01	1.615691206277424e-01	3.707332669270729e-01
210000	-9.239906730466386e+03	4.037155045927395e-01	3.005418865230292e-01	1.767417661588260e-01	1.568952034164944e-01	3.658211439016505e-01
211000	-9.268216973351577e+03	4.299780573620211e-01	2.912693658755089e-01	1.754107338412871e-01	1.603800589721838e-01	3.729398413110203e-01
212000	-9.251093600719603e+03	4.046821134199625e-01	2.983108550754283e-01	1.754107338412871e-01	1.603800589721838e-01	3.658983521111008e-01
213000	-9.242868466026501e+03	4.122071979686485e-01	3.002080511430475e-01	1.711656835631368e-01	1.727774227532872e-01	3.558488425405285e-01
214000	-9.244609184700148e+03	4.069459604576219e-01	2.885183302691036e-01	1.718980784975265e-01	1.633406661024422e-01	3.762429251309276e-01
215000	-9.234047284578708e+03	4.073842567756432e-01	2.918116458451474e-01	1.718980784975265e-01	1.633406661024422e-01	3.729496095548838e-01
216000	-9.228553098555072e+03	4.384999429548815e-01	2.889523774585523e-01	1.813681589793847e-01	1.591879256461161e-01	3.704915379159469e-01
217000	-9.232061521517406e+03	4.330049500925450e-01	3.013825539409120e-01	1.680078038944581e-01	1.607713649493988e-01	3.698382772152313e-01
218000	-9.213910314845851e+03	3.966467529358426e-01	3.006179485606626e-01	1.729228814280346e-01	1.558562874158222e-01	3.706028825954806e-01
219000	-9.228297519841361e+03	4.200522947571734e-01	2.887312566262101e-01	1.709492513318963e-01	1.612631304621092e-01	3.790563615797844e-01
220000	-9.222315786644271e+03	3.905954898984766e-01	2.984209137235225e-01	1.653591312548666e-01	1.603010868691718e-01	3.759188681524391e-01
221000	-9.223063175180590e+03	4.171415368393275e-01	3.028643444498622e-01	1.725810116874064e-01	1.603010868691718e-01	3.642535569935597e-01
222000	-9.211080062838473e+03	3.978439725291490e-01	3.076065218884718e-01	1.754392278256971e-01	1.567175066683588e-01	3.602367436174724e-01
223000	-9.218436794111696e+03	3.871831792408141e-01	2.859302756429499e-01	1.835752346657655e-01	1.715283258973690e-01	3.589661637939158e-01
224000	-9.226213319303730e+03	3.995364405265781e-01	3.052978493682657e-01	1.756038536951130e-01	1.689598141672711e-01	3.501384827693501e-01
225000	-9.226529045315114e+03	4.134119378616325e-01	2.952665837869861e-01	1.756038536951130e-01	1.571144296704047e-01	3.720151328474962e-01
226000	-9.230838909137643e+03	4.096730029343533e-01	2.885903383717763e-01	1.674112498479318e-01	1.707817759073886e-01	3.732166358729033e-01
227000	-9.223778080973596e+03	3.882210696628003e-01	2.981258846234666e-01	1.631740272251119e-01	1.634284218414375e-01	3.752716663099841e-01
228000	-9.250428321815967e+03	4.292081968536617e-01	3.041567529004086e-01	1.770339163934840e-01	1.650603657538932e-01	3.537489649522142e-01
229000	-9.252882154470261e+03	4.103394676387569e-01	2.876507530710341e-01	1.762831316177954e-01	1.650603657538932e-01	3.710057495572774e-01
230000	-9.258351106643642e+03	4.241665991213337e-01	3.030979465239130e-01	1.733786405550347e-01	1.677754477374995e-01	3.557479651835527e-01
231000	-9.249714225973568e+03	4.181344118680159e-01	3.083982780560581e-01	1.690784304948490e-01	1.649668794272800e-01	3.575564120218130e-01
232000	-9.241700856919557e+03	4.190216486693497e-01	2.932685559951898e-01	1.708926540475371e-01	1.575094094860825e-01	3.783293804711906e-01
233000	-9.254077281853839e+03	4.062145313707751e-01	2.916499459192533e-01	1.648409628972845e-01	1.656113228690576e-01	3.778977683144045e-01
234000	-9.255970434437770e+03	3.987271941782333e-01	2.909385154313135e-01	1.648409628972845e-01	1.689962213044625e-01	3.752243003669395e-01
235000	-9.255021569705255e+03	4.215696348426134e-01	2.846802652193598e-01	1.741795842634034e-01	1.604672034467746e-01	3.806729470704623e-01
236000	-9.242929466485264e+03	4.232770112526329e-01	3.042737140650308e-01	1.747737285924995e-01	1.596292029045458e-01	3.613233544379240e-01
237000	-9.258996632273633e+03	4.460114445948540e-01	3.087511816201640e-01	1.703359294943169e-01	1.665458042751619e-01	3.543670846103573e-01
238000	-9.237050220606507e+03	4.056192979776757e-01	3.079215349882157e-01	1.724000490984630e-01	1.653113313029641e-01	3.543670846103573e-01
239000	-9.280250385840862e+03	4.434864161436812e-01	3.055166388039388e-01	1.624431117649416e-01	1.647390365060427e-01	3.673012129250770e-01
240000	-9.265116612787231e+03	4.344222568327937e-01	2.987263309449555e-01	1.822531803812077e-01	1.587194037553518e-01	3.603010849184847e-01
241000	-9.251352135738234e+03	4.303923475388588e-01	3.073057362490176e-01	1.691319823188996e-01	1.709921855787848e-01	3.525700958532980e-01
242000	-9.256775142874876e+03	4.224758260154950e-01	2.907131870938227e-01	1.624755691680770e-01	1.598227004877933e-01	3.869885432503071e-01
243000	-9.256466905819641e+03	4.206566103785924e-01	3.010299926642895e-01	1.721925912532508e-01	1.499594788952572e-01	3.768179371872025e-01
244000	-9.224847375943202e+03	3.925331170439946e-01	2.881068397316339e-01	1.749432589632317e-01	1.674372222015028e-01	3.695126791036316e-01
245000	-9.257049439348115e+03	4.429094474031057e-01	2.922008557337284e-01	1.708492429611372e-01	1.674372222015028e-01	3.695126791036316e-01
246000	-9.243794535264433e+03	4.251572457374952e-01	2.905157367758378e-01	1.710956095066235e-01	1.668849297650937e-01	3.715037239524449e-01
247000	-9.240095031268995e+03	4.215222893037129e-01	2.995182838283431e-01	1.710956095066235e-01	1.668849297650937e-01	3.625011768999395e-01
248000	-9.238216424215314e+03	4.248847259687830e-01	2.994639668785740e-01	1.674603479813603e-01	1.701479511633341e-01	3.629277339767316e-01
249000	-9.247306118011174e+03	4.475951472960674e-01	2.983132009803669e-01	1.674603479813603e-01	1.677554802824009e-01	3.664709707558719e-01
250000	-9.245460515392024e+03	4.368653110731444e-01	2.851307762614496e-01	1.757009943999299e-01	1.532391668587172e-01	3.859290624799035e-01
251000	-9.264402408645705e+03	4.406485500898871e-01	2.989860495071418e-01	1.717751721277149e-01	1.568656604541501e-01	3.723731179109931e-01
252000	-9.244218286121102e+03	4.101369719271493e-01	2.989860495071418e-01	1.717751721277149e-01	1.568656604541501e-01	3.723731179109931e-01
253000	-9.252735299744680e+03	4.414366826952563e-01	3.008232428932962e-01	1.604406109504680e-01	1.622029825349634e-01	3.765331636212725e-01
254000	-9.242381114225102e+03	4.394136593295953e-01	2.903454661455583e-01	1.728486037109574e-01	1.706988711423245e-01	3.661070590011598e-01
255000	-9.245322432741008e+03	3.973048721601304e-01	2.925951925206144e-01	1.607951746625939e-01	1.725609610963714e-01	3.740486717204203e-01
256000	-9.255800228004677e+03	4.068669990622636e-01	2.920935795684062e-01	1.611193030062613e-01	1.636026247585170e-01	3.831844926668155e-01
257000	-9.257244388462419e+03	4.375340276733653e-01	3.026683630512056e-01	1.638885820007058e-01	1.624529196636953e-01	3.709901352843931e-01
258000	-9.231877976944841e+03	4.125988156476216e-01	2.911535322516748e-01	1.754034128002366e-01	1.624529196636953e-01	3.709901352843931e-01
259000	-9.248662608228240e+03	4.062356325153465e-01	2.940577755283218e-01	1.724991695235897e-01	1.685861622156155e-01	3.648568927324730e-01
260000	-9.236254807727320e+03	4.202245231885617e-01	2.954076361515834e-01	1.783485988098051e-01	1.613868723061384e-01	3.648568927324730e-01
261000	-9.267441700554224e+03	4.276092090971130e-01	2.924323642614158e-01	1.718426026432853e-01	1.618583545545681e-01	3.738666785407308e-01
262000	-9.251325653224956e+03	4.186861549653896e-01	2.924323642614158e-01	1.718426026432853e-01	1.618583545545681e-01	3.738666785407308e-01
263000	-9.255502133954293e+03	4.325016263015645e-01	2.956113758694731e-01	1.620626677099916e-01	1.691408002940621e-01	3.731851561264732e-01
264000	-9.257637942355444e+03	4.374862558660689e-01	2.998430204223320e-01	1.715388454064298e-01	1.650490674668753e-01	3.635690667043630e-01
265000	-9.236220511019515e+03	4.031559684707802e-01	3.001141103543674e-01	1.712677554743943e-01	1.599428323902438e-01	3.686753017809946e-01
266000	-9.243215445304415e+03	4.324476386000575e-01	3.001141103543674e-01	1.706297907419068e-01	1.666315980852551e-01	3.626245008184708e-01
267000	-9.245533277472872e+03	4.062318791456008e-01	3.024931156177513e-01	1.752739762175742e-01	1.565197930831507e-01	3.657131150815239e-01
268000	-9.243522507946973e+03	4.127430672100473e-01	2.942846503946496e-01	1.662713090893478e-01	1.616004591277614e-01	3.778435813882412e-01
269000	-9.209722490088385e+03	3.938907044965795e-01	2.956287116451435e-01	1.684719490548083e-01	1.585869861119064e-01	3.773123531881419e-01
270000	-9.235685288719935e+03	3.986859196709435e-01	2.989595619849961e-01	1.733749859115939e-01	1.641126615425856e-01	3.635527905608243e-01
271000	-9.235707064045333e+03	3.965048559098954e-01	2.908180025461901e-01	1.625589901597467e-01	1.621289583130555e-01	3.844940489810078e-01
272000	-9.239234535657866e+03	3.808748377199856e-01	2.886669927914380e-01	1.761020959355636e-01	1.608614293685803e-01	3.743694819044179e-01
273000	-9.259829847843714e+03	4.129577948885902e-01	2.990771067715250e-01	1.744316248268329e-01	1.658498801452659e-01	3.606413882563760e-01
274000	-9.255233172418390e+03	4.226916187250770e-01	2.978720488638740e-01	1.690539598995446e-01	1.646000672354632e-01	3.684739240011182e-01
275000	-9.249082458132505e+03	4.057964075544827e-01	2.978720488638740e-01	1.632495734002577e-01	1.704044537347501e-01	3.684739240011182e-01
276000	-9.264853954530843e+03	4.358129228447063e-01	2.943090696715636e-01	1.758123079752059e-01	1.614046983521124e-01	3.684739240011182e-01
277000	-9.224375314842491e+03	4.037115909613076e-01	2.943090696715636e-01	1.761132173388023e-01	1.611037889885159e-01	3.684739240011182e-01
278000	-9.231172323708792e+03	4.313531818410386e-01	2.875570886683952e-01	1.769688016136633e-01	1.594174481321815e-01	3.760566615857600e-01
279000	-9.235737500903269e+03	4.157772183366233e-01	2.979446328200605e-01	1.665812574619980e-01	1.594174481321815e-01	3.760566615857600e-01
280000	-9.219128913579243e+03	4.071740046016964e-01	2.898315275084597e-01	1.724715816798113e-01	1.753580136610767e-01	3.623388771506522e-01
281000	-9.222605942458111e+03	4.072843571671306e-01	2.945423320410225e-01	1.707761861012843e-01	1.608608476757789e-01	3.738206341819142e-01
282000	-9.238035730722384e+03	4.144673513455817e-01	2.997744120172069e-01	1.714086044801467e-01	1.574707115511332e-01	3.713462719515132e-01
283000	-9.229201864703464e+03	3.965835014947881e-01	2.997744120172069e-01	1.714086044801467e-01	1.574707115511332e-01	3.713462719515132e-01
284000	-9.228041790177394e+03	4.152543490003057e-01	3.035438706619269e-01	1.676391458354267e-01	1.574707115511332e-01	3.713462719515132e-01
285000	-9.243195558668522e+03	4.194921690124876e-01	2.928321634007451e-01	1.831250167078348e-01	1.686134622676740e-01	3.554293576237463e-01
